301	2.215
302	14.79
303	1.513
304	0.9707
305	5.638
306	3.721
307	2.584
308	6.958
309	9.24
310	20.08
311	19.62
312	0.9577
313	1.306
314	17.87
315	8.549
316	8.11
317	16.24
318	0.4094
319	17.66
320	2.402
321	2.338
322	16.13
323	4.26
324	6.336
325	17.68
326	3.546
327	15.62
328	11.18
329	8.587
330	3.091
331	4.881
332	3.088
333	18.0
334	10.4
335	2.878
336	14.86
337	10.25
338	20.79
339	21.66
340	15.32
341	18.21
342	21.34
343	10.84
344	9.796
345	5.057
346	1.239
347	21.25
348	16.92
349	22.82
350	3.994
351	10.82
352	12.65
353	19.31
354	16.72
355	17.17
356	22.08
357	22.46
358	1.933
359	11.37
360	3.706
361	3.364
362	23.5
363	15.55
364	2.232
365	1.726
366	12.87
367	7.194
368	2.952
369	18.27
370	22.15
371	18.74
372	4.487
373	13.21
374	11.55
375	0.5142
376	4.75
377	7.628
378	16.11
379	1.037
380	4.411
381	21.95
382	1.092
383	2.677
384	8.646
385	18.21
386	3.451
387	18.15
388	22.05
389	8.326
390	7.434
391	9.413
392	4.593
393	4.118
394	8.805
395	6.79
396	5.996
397	21.99
398	23.68
399	19.15
400	10.67
401	18.7
402	20.56
403	6.909
404	17.35
405	15.28
406	20.26
407	17.27
408	11.0
409	8.493
410	9.993
411	22.64
412	20.8
413	14.61
414	13.26
415	8.779
416	12.89
417	23.03
418	11.85
419	19.63
420	11.38
421	3.293
422	3.418
423	6.959
424	3.593
425	21.58
426	13.46
427	11.05
428	19.82
429	20.29
430	14.94
431	23.18
432	11.09
433	20.55
434	10.5
435	11.92
436	12.13
437	21.49
438	3.461
439	20.88
440	3.195
441	22.63
442	2.396
443	10.43
444	1.832
445	3.08
446	19.16
447	6.513
448	10.44
449	14.83
450	20.88
451	17.23
452	15.14
453	16.74
454	5.586
455	10.92
456	0.2274
457	18.33
458	0.8828
459	9.476
460	10.63
461	5.483
462	2.732
463	2.838
464	14.76
465	11.01
466	15.54
467	3.087
468	17.01
469	5.417
470	17.48
471	4.841
472	6.185
473	14.47
474	17.92
475	1.659
476	8.273
477	4.36
478	4.142
479	11.65
480	14.33
481	1.399
482	11.6
483	15.98
484	18.22
485	19.65
486	13.09
487	2.656
488	6.663
489	6.887
490	3.101
491	16.38
492	7.556
493	21.05
494	15.52
495	3.609
496	2.133
497	19.39
498	10.79
499	3.993
500	21.53
501	17.69
502	20.15
503	14.7
504	16.05
505	5.523
506	14.65
507	21.94
508	11.32
509	22.25
510	12.49
511	16.1
512	7.822
513	23.34
514	22.42
515	22.32
516	6.749
517	11.66
518	6.946
519	18.82
520	21.25
521	6.625
522	0.1503
523	2.232
524	17.42
525	5.404
526	0.5334
527	6.175
528	19.01
529	18.07
530	14.28
531	23.84
532	7.462
533	7.491
534	0.5413
535	6.192
536	12.94
537	8.598
538	1.731
539	20.17
540	0.248
541	10.72
542	15.99
543	17.53
544	22.7
545	21.59
546	14.29
547	21.2
548	19.65
549	15.15
550	6.08
551	3.451
552	3.274
553	14.18
554	14.97
555	14.43
556	9.018
557	14.99
558	0.1439
559	3.947
560	20.66
561	1.38
562	17.32
563	0.3627
564	8.93
565	15.99
566	21.7
567	15.89
568	18.47
569	8.976
570	23.36
571	23.93
572	12.63
573	1.878
574	13.57
575	1.688
576	0.6111
577	6.048
578	18.88
579	18.75
580	3.929
581	12.75
582	1.391
583	7.638
584	7.324
585	9.38
586	17.04
587	21.25
588	14.61
589	23.56
590	10.74
591	0.3797
592	1.918
593	8.864
594	4.863
595	16.38
596	12.23
597	10.19
598	15.51
599	1.023
600	9.999
601	9.425
602	20.09
603	14.77
604	14.66
605	13.03
606	2.628
607	22.72
608	13.81
609	12.75
610	10.98
611	21.98
612	13.22
613	15.61
614	21.71
615	21.56
616	2.148
617	0.7889
618	20.0
619	16.73
620	21.11
621	3.456
622	22.81
623	23.46
624	8.834
625	19.95
626	0.9367
627	17.67
628	22.59
629	6.686
630	6.813
631	15.41
632	11.61
633	16.8
634	18.24
635	0.8814
636	0.4686
637	7.211
638	22.15
639	1.614
640	4.559
641	15.03
642	3.751
643	20.2
644	22.92
645	18.64
646	3.599
647	11.53
648	19.93
649	6.653
650	5.912
651	3.281
652	8.123
653	19.25
654	21.17
655	15.92
656	8.013
657	2.079
658	0.3803
659	10.42
660	21.69
661	17.36
662	15.29
663	4.601
664	1.898
665	8.7
666	12.71
667	4.853
668	19.01
669	20.16
670	18.5
671	13.34
672	13.94
673	5.014
674	5.526
675	4.521
676	15.49
677	17.39
678	5.061
679	18.33
680	15.39
681	9.267
682	11.67
683	11.67
684	12.53
685	4.646
686	4.611
687	19.89
688	0.1747
689	14.02
690	2.715
691	0.4285
692	2.688
693	22.16
694	2.207
695	12.07
696	1.764
697	7.894
698	6.791
699	23.42
700	11.07
701	5.111
702	5.964
703	6.636
704	9.895
705	1.49
706	16.7
707	9.125
708	15.88
709	8.681
710	16.9
711	5.548
712	1.31
713	1.047
714	8.279
715	23.15
716	3.935
717	18.86
718	11.33
719	15.93
720	22.5
721	0.9133
722	9.561
723	16.61
724	13.21
725	5.125
726	12.3
727	14.65
728	17.95
729	1.798
730	8.582
731	5.803
732	4.305
733	16.92
734	20.52
735	20.28
736	7.041
737	10.36
738	4.925
739	1.621
740	6.011
741	14.29
742	6.71
743	20.24
744	12.64
745	6.564
746	13.08
747	16.79
748	17.86
749	23.15
750	22.02
751	7.695
752	20.44
753	5.884
754	1.014
755	13.6
756	0.7383
757	0.2174
758	23.01
759	2.381
760	12.72
761	20.01
762	23.8
763	22.26
764	14.07
765	12.55
766	12.12
767	3.075
768	20.58
769	10.62
770	0.5088
771	0.8779
772	19.93
773	5.979
774	8.242
775	4.851
776	1.076
777	0.7444
778	5.023
779	15.69
780	12.8
781	1.716
782	9.801
783	2.408
784	17.85
785	16.49
786	15.57
787	18.4
788	3.532
789	22.15
790	16.89
791	9.559
792	15.08
793	17.51
794	5.631
795	4.936
796	16.75
797	18.28
798	7.029
799	12.92
800	23.9
801	14.36
802	8.121
803	23.39
804	23.96
805	3.298
806	1.046
807	15.87
808	15.56
809	16.99
810	18.31
811	0.1468
812	22.78
813	15.71
814	0.427
815	16.11
816	20.25
817	20.44
818	0.5013
819	16.44
820	1.118
821	18.46
822	2.326
823	3.447
824	11.63
825	8.854
826	5.428
827	18.08
828	13.37
829	11.54
830	10.58
831	20.83
832	19.28
833	3.277
834	9.962
835	14.5
836	14.88
837	13.99
838	9.099
839	19.74
840	5.542
841	9.494
842	2.288
843	15.49
844	10.67
845	5.029
846	2.986
847	8.235
848	16.66
849	2.057
850	15.04
851	8.009
852	14.07
853	14.97
854	7.256
855	5.171
856	14.97
857	10.28
858	10.76
859	22.61
860	6.034
861	8.369
862	7.825
863	6.902
864	16.81
865	5.977
866	10.36
867	23.39
868	20.85
869	6.799
870	1.631
871	16.09
872	8.096
873	19.78
874	8.795
875	7.594
876	2.85
877	15.41
878	16.99
879	17.33
880	9.867
881	9.177
882	9.288
883	22.99
884	17.02
885	2.299
886	11.79
887	3.394
888	13.17
889	18.06
890	21.98
891	16.51
892	19.86
893	22.49
894	14.91
895	2.622
896	12.51
897	19.27
898	15.33
899	17.37
900	6.841
901	6.409
902	18.29
903	8.704
904	12.77
905	7.816
906	23.78
907	17.8
908	9.048
909	8.129
910	1.724
911	1.932
912	20.86
913	17.42
914	6.809
915	20.12
916	19.15
917	12.67
918	2.982
919	9.256
920	17.95
921	20.91
922	1.198
923	4.911
924	0.7512
925	19.03
926	8.389
927	12.04
928	11.28
929	1.201
930	19.81
931	17.52
932	13.96
933	15.88
934	17.6
935	12.1
936	19.71
937	2.814
938	1.71
939	13.79
940	1.568
941	15.64
942	3.41
943	2.746
944	18.31
945	9.191
946	6.857
947	23.9
948	18.3
949	11.0
950	14.59
951	7.714
952	4.531
953	22.96
954	7.424
955	1.396
956	14.61
957	11.6
958	6.735
959	14.7
960	19.41
961	11.76
962	5.383
963	19.91
964	13.76
965	9.985
966	3.047
967	4.864
968	3.509
969	5.984
970	21.93
971	9.077
972	20.22
973	15.44
974	23.85
975	7.736
976	0.6754
977	23.42
978	21.6
979	2.719
980	8.761
981	7.833
982	2.246
983	21.01
984	12.09
985	14.35
986	22.88
987	8.158
988	12.44
989	22.58
990	17.31
991	19.46
992	4.325
993	12.66
994	7.353
995	17.42
996	0.8266
997	5.413
998	7.041
999	21.07
1000	3.802
1001	12.01
1002	10.01
1003	12.65
1004	5.754
1005	0.8261
1006	9.507
1007	19.5
1008	23.83
1009	18.08
1010	16.23
1011	11.89
1012	20.6
1013	21.23
1014	15.7
1015	17.07
1016	14.25
1017	1.653
1018	15.19
1019	22.8
1020	20.36
1021	20.78
1022	7.809
1023	14.19
1024	22.87
1025	13.59
1026	5.468
1027	15.02
1028	21.09
1029	3.249
1030	13.94
1031	5.327
1032	8.847
1033	23.43
1034	16.69
1035	15.5
1036	23.5
1037	2.681
1038	4.358
1039	18.62
1040	7.163
1041	22.57
1042	22.17
1043	8.717
1044	19.15
1045	13.88
1046	18.35
1047	19.58
1048	2.844
1049	5.381
1050	11.65
1051	4.961
1052	2.697
1053	3.84
1054	22.76
1055	18.6
1056	13.92
1057	4.457
1058	6.949
1059	5.48
1060	10.41
1061	13.67
1062	14.33
1063	0.8883
1064	8.317
1065	15.68
1066	4.236
1067	16.95
1068	14.02
1069	11.88
1070	14.49
1071	16.45
1072	4.607
1073	13.23
1074	10.34
1075	7.387
1076	13.38
1077	9.63
1078	18.92
1079	3.576
1080	19.65
1081	18.05
1082	3.072
1083	12.98
1084	22.77
1085	11.02
1086	15.59
1087	17.11
1088	18.33
1089	10.72
1090	17.02
1091	17.74
1092	6.0
1093	11.92
1094	20.76
1095	3.983
1096	15.79
1097	10.74
1098	5.524
1099	3.483
1100	11.46
1101	8.306
1102	19.86
1103	5.037
1104	18.91
1105	20.71
1106	23.25
1107	12.81
1108	22.45
1109	15.08
1110	17.43
1111	6.216
1112	13.78
1113	18.78
1114	3.872
1115	13.74
1116	3.153
1117	17.28
1118	11.96
1119	9.886
1120	11.72
1121	6.621
1122	0.9025
1123	21.68
1124	4.292
1125	23.39
1126	23.15
1127	7.424
1128	1.839
1129	23.29
1130	22.24
1131	18.1
1132	0.4903
1133	2.108
1134	9.971
1135	2.051
1136	6.683
1137	21.78
1138	16.4
1139	6.15
1140	3.334
1141	12.76
1142	1.702
1143	3.822
1144	7.285
1145	15.17
1146	16.18
1147	22.92
1148	18.16
1149	6.974
1150	21.02
1151	17.84
1152	10.99
1153	4.005
1154	4.297
1155	11.93
1156	2.614
1157	9.376
1158	1.351
1159	6.439
1160	6.136
1161	16.78
1162	16.58
1163	16.17
1164	14.14
1165	1.676
1166	3.301
1167	10.94
1168	9.245
1169	20.79
1170	11.93
1171	1.308
1172	16.17
1173	13.98
1174	13.31
1175	22.63
1176	17.89
1177	8.395
1178	9.712
1179	0.07877
1180	10.6
1181	15.53
1182	3.567
1183	12.58
1184	0.2193
1185	11.0
1186	13.43
1187	13.0
1188	12.2
1189	21.71
1190	17.48
1191	9.241
1192	23.23
1193	5.273
1194	12.15
1195	7.037
1196	12.81
1197	14.86
1198	15.92
1199	16.25
1200	15.21
1201	1.141
1202	13.91
1203	18.6
1204	19.13
1205	11.55
1206	14.17
1207	12.82
1208	8.731
1209	12.43
1210	21.51
1211	21.54
1212	23.88
1213	23.76
1214	11.97
1215	10.64
1216	0.9165
1217	22.18
1218	14.09
1219	6.366
1220	21.14
1221	16.22
1222	13.81
1223	16.4
1224	4.337
1225	18.66
1226	4.368
1227	17.5
1228	20.33
1229	0.112
1230	12.32
1231	7.89
1232	19.75
1233	9.09
1234	21.93
1235	2.321
1236	18.51
1237	17.25
1238	12.83
1239	3.478
1240	16.06
1241	14.09
1242	18.33
1243	17.65
1244	9.481
1245	12.14
1246	7.55
1247	14.18
1248	6.679
1249	4.952
1250	5.395
1251	21.42
1252	3.376
1253	2.354
1254	11.87
1255	9.086
1256	1.368
1257	21.38
1258	12.86
1259	2.365
1260	4.293
1261	2.387
1262	8.991
1263	6.137
1264	7.285
1265	8.686
1266	5.993
1267	5.542
1268	3.17
1269	2.529
1270	1.743
1271	10.83
1272	3.776
1273	21.1
1274	4.388
1275	15.85
1276	17.48
1277	19.05
1278	6.643
1279	18.3
1280	23.59
1281	4.464
1282	2.318
1283	16.08
1284	14.74
1285	9.285
1286	8.658
1287	14.87
1288	20.47
1289	19.39
1290	22.55
1291	14.05
1292	3.598
1293	2.383
1294	15.44
1295	16.13
1296	0.4038
1297	8.389
1298	5.762
1299	5.132
1300	5.751
1301	2.297
1302	2.417
1303	7.596
1304	17.99
1305	11.69
1306	2.787
1307	2.2
1308	9.279
1309	23.3
1310	0.9918
1311	22.37
1312	20.92
1313	9.745
1314	23.11
1315	23.2
1316	22.13
1317	4.717
1318	2.842
1319	1.491
1320	12.36
1321	3.04
1322	4.646
1323	3.445
1324	16.69
1325	18.21
1326	20.68
1327	14.33
1328	9.326
1329	1.727
1330	3.631
1331	0.8515
1332	9.515
1333	13.02
1334	10.61
1335	9.837
1336	10.05
1337	22.25
1338	19.33
1339	0.438
1340	3.521
1341	9.205
1342	11.64
1343	20.42
1344	0.7118
1345	0.01892
1346	8.927
1347	12.54
1348	16.08
1349	18.5
1350	21.34
1351	11.83
1352	8.173
1353	21.97
1354	5.824
1355	1.173
1356	16.72
1357	10.49
1358	11.44
1359	10.95
1360	16.09
1361	16.41
1362	23.3
1363	17.03
1364	13.23
1365	4.066
1366	20.16
1367	23.63
1368	3.669
1369	23.9
1370	10.07
1371	19.49
1372	13.12
1373	21.76
1374	21.63
1375	0.7908
1376	9.556
1377	1.051
1378	23.71
1379	23.45
1380	12.8
1381	12.39
1382	8.655
1383	9.645
1384	14.41
1385	3.813
1386	16.74
1387	8.416
1388	12.98
1389	22.03
1390	7.965
1391	11.18
1392	1.172
1393	16.59
1394	11.71
1395	20.12
1396	14.04
1397	1.36
1398	2.388
1399	17.49
1400	6.703
1401	6.543
1402	20.74
1403	6.403
1404	4.414
1405	3.249
1406	21.99
1407	1.852
1408	13.2
1409	9.953
1410	17.67
1411	22.75
1412	5.257
1413	7.612
1414	11.04
1415	1.835
1416	23.24
1417	8.873
1418	10.54
1419	20.51
1420	14.86
1421	2.69
1422	0.1902
1423	13.49
1424	7.988
1425	18.83
1426	12.62
1427	23.69
1428	3.482
1429	9.258
1430	10.58
1431	20.37
1432	10.42
1433	16.47
1434	19.67
1435	4.926
1436	14.05
1437	1.229
1438	9.205
1439	13.78
1440	21.78
1441	11.14
1442	17.92
1443	21.81
1444	19.52
1445	20.34
1446	22.23
1447	22.28
1448	11.25
1449	14.13
1450	9.12
1451	5.244
1452	10.57
1453	7.324
1454	13.54
1455	5.47
1456	1.851
1457	5.197
1458	10.52
1459	14.89
1460	7.767
1461	19.01
1462	0.1346
1463	12.18
1464	1.744
1465	17.29
1466	22.41
1467	12.17
1468	2.601
1469	1.004
1470	17.06
1471	14.57
1472	16.19
1473	7.325
1474	11.85
1475	21.57
1476	23.17
1477	16.69
1478	7.495
1479	12.99
1480	22.75
1481	17.22
1482	9.362
1483	21.95
1484	5.716
1485	11.85
1486	13.75
1487	14.07
1488	2.533
1489	7.55
1490	20.44
1491	2.604
1492	15.04
1493	0.1551
1494	22.03
1495	7.883
1496	2.23
1497	4.774
1498	19.43
1499	2.245
1500	0.3227
1501	1.164
1502	17.85
1503	16.95
1504	21.66
1505	20.03
1506	21.57
1507	3.516
1508	12.79
1509	18.19
1510	18.05
1511	20.98
1512	16.85
1513	6.278
1514	12.86
1515	22.83
1516	16.78
1517	1.513
1518	22.48
1519	6.591
1520	16.95
1521	11.17
1522	11.16
1523	2.128
1524	10.86
1525	7.513
1526	6.561
1527	12.36
1528	12.96
1529	18.88
1530	14.12
1531	18.47
1532	15.57
1533	1.791
1534	21.65
1535	7.479
1536	3.463
1537	15.04
1538	21.17
1539	13.46
1540	4.373
1541	7.013
1542	7.908
1543	7.848
1544	22.02
1545	5.799
1546	5.647
1547	3.096
1548	4.831
1549	5.498
1550	20.7
1551	5.274
1552	18.45
1553	20.31
1554	18.04
1555	4.877
1556	7.203
1557	3.719
1558	1.663
1559	8.399
1560	11.3
1561	4.616
1562	11.26
1563	7.192
1564	1.288
1565	8.41
1566	4.002
1567	18.54
1568	18.96
1569	19.02
1570	15.39
1571	14.04
1572	3.056
1573	0.5471
1574	20.73
1575	10.81
1576	14.82
1577	23.16
1578	6.07
1579	22.35
1580	6.006
1581	17.87
1582	5.73
1583	9.414
1584	14.15
1585	22.91
1586	10.99
1587	21.55
1588	4.587
1589	21.51
1590	2.437
1591	15.16
1592	21.6
1593	22.03
1594	18.85
1595	8.945
1596	14.98
1597	23.85
1598	18.13
1599	6.472
1600	14.75
1601	7.429
1602	9.111
1603	16.68
1604	18.5
1605	17.28
1606	14.97
1607	6.134
1608	13.75
1609	7.772
1610	3.763
1611	13.36
1612	16.14
1613	12.55
1614	5.992
1615	8.363
1616	8.969
1617	4.043
1618	8.998
1619	4.277
1620	22.08
1621	23.58
1622	20.76
1623	2.492
1624	2.296
1625	0.1901
1626	2.542
1627	10.45
1628	16.22
1629	14.46
1630	8.36
1631	0.2922
1632	15.16
1633	2.557
1634	17.52
1635	20.45
1636	11.23
1637	11.74
1638	14.1
1639	23.07
1640	16.76
1641	8.499
1642	12.47
1643	16.87
1644	5.902
1645	23.68
1646	14.15
1647	4.342
1648	1.911
1649	3.542
1650	18.42
1651	0.8986
1652	13.1
1653	10.43
1654	21.6
1655	9.078
1656	12.45
1657	4.094
1658	7.344
1659	16.82
1660	21.69
1661	3.961
1662	24.0
1663	16.42
1664	21.67
1665	14.27
1666	5.442
1667	21.83
1668	4.977
1669	6.111
1670	0.9127
1671	17.04
1672	19.18
1673	11.87
1674	14.83
1675	16.46
1676	15.68
1677	22.04
1678	9.994
1679	0.9195
1680	9.582
1681	12.66
1682	23.03
1683	0.5069
1684	7.707
1685	10.96
1686	11.79
1687	6.302
1688	21.79
1689	8.957
1690	0.8477
1691	6.036
1692	15.74
1693	3.734
1694	7.533
1695	7.639
1696	2.371
1697	9.83
1698	6.022
1699	8.847
1700	11.25
1701	1.652
1702	15.82
1703	18.96
1704	15.16
1705	7.094
1706	3.923
1707	3.961
1708	1.807
1709	4.264
1710	18.86
1711	19.99
1712	4.616
1713	19.17
1714	20.92
1715	16.29
1716	18.25
1717	10.69
1718	3.782
1719	12.94
1720	14.63
1721	7.799
1722	6.148
1723	20.23
1724	12.44
1725	15.31
1726	20.99
1727	17.54
1728	17.55
1729	20.77
1730	9.294
1731	19.87
1732	1.134
1733	13.22
1734	3.3
1735	21.7
1736	20.41
1737	16.16
1738	22.53
1739	18.34
1740	23.63
1741	3.759
1742	20.88
1743	2.241
1744	10.41
1745	0.1011
1746	15.37
1747	19.81
1748	13.28
1749	22.47
1750	13.25
1751	7.0
1752	3.428
1753	15.69
1754	4.035
1755	10.82
1756	21.1
1757	23.03
1758	21.61
1759	16.3
1760	0.5162
1761	16.34
1762	8.84
1763	14.72
1764	3.451
1765	6.192
1766	7.196
1767	3.921
1768	17.38
1769	15.34
1770	17.66
1771	16.95
1772	18.54
1773	4.709
1774	23.62
1775	23.91
1776	21.83
1777	23.09
1778	19.4
1779	12.08
1780	8.095
1781	20.07
1782	10.31
1783	16.87
1784	7.909
1785	4.976
1786	9.031
1787	11.82
1788	13.02
1789	8.519
1790	11.75
1791	12.02
1792	20.09
1793	17.94
1794	13.74
1795	17.39
1796	12.7
1797	6.874
1798	0.7559
1799	13.77
1800	10.94
1801	19.43
1802	9.754
1803	14.62
1804	21.76
1805	20.18
1806	10.24
1807	21.7
1808	15.49
1809	10.93
1810	12.67
1811	13.62
1812	10.57
1813	21.93
1814	16.9
1815	21.84
1816	13.35
1817	0.2454
1818	17.78
1819	22.8
1820	1.391
1821	19.92
1822	6.65
1823	18.16
1824	13.91
1825	7.67
1826	14.38
1827	22.26
1828	16.16
1829	22.21
1830	5.477
1831	3.864
1832	21.02
1833	9.07
1834	7.992
1835	17.86
1836	1.206
1837	7.282
1838	8.447
1839	19.43
1840	23.12
1841	10.67
1842	6.039
1843	15.65
1844	8.727
1845	5.021
1846	16.62
1847	20.38
1848	15.35
1849	5.239
1850	1.722
1851	2.3
1852	2.762
1853	18.27
1854	14.07
1855	10.16
1856	6.348
1857	18.06
1858	23.06
1859	17.55
1860	21.1
1861	16.27
1862	23.65
1863	8.869
1864	7.722
1865	0.3076
1866	9.825
1867	22.93
1868	0.07528
1869	2.641
1870	8.628
1871	12.32
1872	2.062
1873	7.14
1874	3.731
1875	2.213
1876	10.39
1877	18.63
1878	23.19
1879	16.4
1880	19.19
1881	18.65
1882	12.85
1883	0.2774
1884	3.069
1885	21.55
1886	12.86
1887	5.547
1888	11.47
1889	19.92
1890	2.307
1891	3.116
1892	12.95
1893	1.991
1894	8.951
1895	11.07
1896	14.12
1897	19.86
1898	0.5249
1899	6.819
1900	3.065
1901	20.11
1902	7.71
1903	17.86
1904	15.04
1905	0.1883
1906	15.22
1907	23.71
1908	8.79
1909	11.74
1910	4.421
1911	5.004
1912	2.507
1913	15.52
1914	17.9
1915	23.21
1916	2.249
1917	18.76
1918	21.76
1919	11.14
1920	17.55
1921	21.92
1922	18.36
1923	12.01
1924	12.07
1925	4.247
1926	9.597
1927	17.8
1928	1.131
1929	6.095
1930	2.331
1931	4.577
1932	10.46
1933	4.134
1934	0.2951
1935	1.293
1936	18.97
1937	18.66
1938	21.39
1939	7.216
1940	7.508
1941	5.125
1942	6.871
1943	0.9414
1944	12.63
1945	11.56
1946	10.25
1947	8.742
1948	15.39
1949	18.52
1950	1.918
1951	6.729
1952	10.82
1953	2.295
1954	14.05
1955	0.3089
1956	15.69
1957	15.31
1958	12.21
1959	3.103
1960	14.01
1961	14.28
1962	6.329
1963	6.012
1964	22.66
1965	19.3
1966	20.98
1967	23.35
1968	19.23
1969	16.56
1970	1.342
1971	12.74
1972	20.84
1973	8.153
1974	9.988
1975	8.683
1976	6.013
1977	15.77
1978	5.988
1979	23.93
1980	11.91
1981	10.09
1982	12.16
1983	22.12
1984	15.35
1985	14.18
1986	16.37
1987	11.63
1988	20.41
1989	11.97
1990	7.133
1991	2.586
1992	0.7649
1993	22.38
1994	12.96
1995	21.33
1996	13.47
1997	20.36
1998	6.401
1999	14.1
2000	1.857
301	7.805
302	36.94
303	4.245
304	2.2
305	28.98
306	29.51
307	13.85
308	4.51
309	36.01
310	25.1
311	20.72
312	32.64
313	13.5
314	7.939
315	36.43
316	22.11
317	18.69
318	13.4
319	7.484
320	11.51
321	20.99
322	27.77
323	17.31
324	6.787
325	31.98
326	18.41
327	5.289
328	11.38
329	9.889
330	29.57
331	15.66
332	33.8
333	16.64
334	6.348
335	34.53
336	22.81
337	22.51
338	14.86
339	27.21
340	19.34
341	35.48
342	26.19
343	1.17
344	21.69
345	38.5
346	37.67
347	35.39
348	6.64
349	4.167
350	2.761
351	32.37
352	20.22
353	13.46
354	37.61
355	6.951
356	4.318
357	7.664
358	2.651
359	0.8443
360	31.76
361	23.02
362	17.41
363	20.26
364	3.79
365	29.4
366	0.1724
367	3.781
368	22.43
369	38.52
370	10.92
371	34.76
372	16.94
373	25.78
374	12.82
375	15.59
376	16.75
377	2.31
378	15.29
379	19.37
380	18.15
381	24.65
382	13.95
383	27.37
384	32.1
385	3.268
386	37.84
387	6.389
388	19.78
389	6.721
390	12.34
391	32.97
392	38.44
393	36.16
394	3.191
395	5.274
396	31.72
397	21.87
398	18.47
399	9.767
400	37.93
401	18.33
402	25.88
403	3.051
404	32.62
405	31.38
406	28.59
407	2.706
408	33.37
409	5.006
410	2.648
411	16.1
412	19.7
413	7.841
414	28.99
415	7.58
416	4.395
417	9.465
418	38.22
419	34.86
420	4.955
421	18.7
422	32.0
423	34.33
424	24.07
425	8.89
426	10.3
427	36.06
428	12.14
429	32.44
430	27.85
431	2.669
432	8.528
433	1.701
434	37.27
435	27.57
436	7.041
437	17.51
438	10.07
439	12.14
440	30.24
441	17.26
442	39.28
443	36.26
444	4.869
445	5.574
446	2.47
447	26.87
448	34.06
449	34.01
450	12.7
451	6.966
452	28.63
453	0.03291
454	38.97
455	3.282
456	24.95
457	2.03
458	13.73
459	25.29
460	37.79
461	4.415
462	12.18
463	37.2
464	10.25
465	21.35
466	22.43
467	4.761
468	34.94
469	31.16
470	11.0
471	29.72
472	16.41
473	23.58
474	30.78
475	17.39
476	10.79
477	19.0
478	26.68
479	14.88
480	31.99
481	24.73
482	2.375
483	2.977
484	30.07
485	1.759
486	1.238
487	37.9
488	33.16
489	39.74
490	36.6
491	19.11
492	10.26
493	22.78
494	36.14
495	35.14
496	17.16
497	29.61
498	37.44
499	28.9
500	26.7
501	5.865
502	6.127
503	22.27
504	25.23
505	0.04865
506	14.05
507	27.37
508	38.34
509	32.87
510	19.88
511	19.12
512	23.24
513	29.07
514	13.12
515	5.579
516	18.98
517	23.68
518	15.08
519	24.3
520	22.83
521	5.981
522	19.36
523	22.61
524	32.28
525	19.66
526	39.31
527	34.01
528	37.65
529	34.61
530	35.55
531	36.24
532	32.68
533	10.88
534	15.78
535	33.51
536	21.07
537	0.2587
538	30.21
539	10.33
540	18.13
541	28.56
542	32.97
543	15.26
544	3.611
545	22.02
546	9.158
547	7.468
548	25.05
549	19.53
550	21.68
551	26.23
552	0.3272
553	28.21
554	39.9
555	17.7
556	9.938
557	17.66
558	36.34
559	21.76
560	39.62
561	28.86
562	27.32
563	16.61
564	28.03
565	7.647
566	11.79
567	12.22
568	33.54
569	19.89
570	17.21
571	23.24
572	22.63
573	12.08
574	39.45
575	26.59
576	0.8554
577	35.32
578	26.58
579	38.31
580	0.3754
581	38.07
582	35.97
583	24.23
584	39.0
585	39.76
586	36.14
587	17.05
588	28.96
589	26.72
590	5.664
591	8.969
592	31.22
593	3.793
594	5.453
595	18.55
596	18.16
597	6.251
598	28.46
599	27.14
600	7.06
601	22.43
602	21.48
603	15.81
604	27.3
605	0.04143
606	3.338
607	35.22
608	0.8915
609	39.27
610	33.4
611	25.68
612	3.029
613	18.06
614	33.37
615	3.675
616	3.824
617	1.905
618	22.77
619	29.86
620	38.58
621	12.76
622	36.81
623	6.563
624	13.05
625	28.58
626	16.93
627	11.19
628	22.69
629	6.203
630	4.587
631	39.95
632	3.844
633	31.77
634	32.37
635	2.841
636	23.32
637	16.7
638	20.66
639	14.21
640	32.79
641	33.36
642	29.56
643	24.46
644	36.32
645	4.142
646	25.79
647	1.191
648	2.417
649	1.732
650	28.84
651	14.01
652	23.15
653	20.9
654	20.0
655	29.09
656	24.25
657	10.86
658	19.78
659	19.01
660	1.975
661	1.114
662	29.89
663	10.78
664	34.08
665	0.3402
666	29.64
667	35.26
668	9.719
669	2.941
670	34.42
671	5.906
672	36.0
673	27.07
674	38.15
675	24.03
676	17.03
677	33.25
678	24.99
679	10.93
680	17.17
681	16.3
682	32.18
683	12.01
684	10.91
685	1.901
686	27.82
687	15.01
688	7.423
689	28.99
690	16.0
691	25.58
692	10.09
693	9.558
694	33.83
695	15.21
696	8.266
697	18.56
698	29.73
699	16.46
700	10.32
701	18.5
702	23.68
703	12.05
704	3.772
705	1.167
706	28.1
707	36.66
708	25.4
709	27.15
710	11.62
711	4.438
712	35.22
713	21.24
714	38.87
715	33.67
716	2.118
717	29.18
718	23.69
719	29.68
720	15.45
721	33.62
722	28.1
723	21.41
724	17.21
725	26.67
726	37.54
727	38.52
728	25.42
729	15.92
730	13.87
731	20.43
732	22.06
733	11.45
734	14.22
735	22.84
736	5.758
737	5.221
738	7.992
739	24.75
740	32.71
741	32.17
742	2.44
743	15.57
744	28.0
745	27.99
746	31.26
747	25.65
748	11.62
749	2.444
750	34.85
751	30.74
752	6.209
753	2.465
754	12.6
755	29.08
756	37.5
757	32.8
758	25.17
759	27.09
760	6.453
761	21.34
762	33.95
763	26.9
764	36.0
765	28.92
766	36.9
767	7.831
768	31.88
769	27.41
770	36.61
771	33.5
772	16.81
773	1.408
774	10.53
775	21.1
776	7.723
777	19.49
778	26.56
779	19.87
780	25.29
781	3.568
782	34.63
783	39.26
784	34.84
785	3.151
786	17.88
787	0.5746
788	25.88
789	4.33
790	32.46
791	12.13
792	39.11
793	36.84
794	25.73
795	18.5
796	1.517
797	15.01
798	19.02
799	8.475
800	20.53
801	6.192
802	37.49
803	0.5601
804	16.25
805	18.1
806	19.08
807	32.23
808	4.059
809	1.45
810	17.1
811	19.24
812	16.44
813	17.44
814	35.48
815	39.58
816	9.691
817	8.376
818	4.488
819	22.28
820	29.68
821	15.49
822	36.18
823	37.97
824	34.36
825	25.63
826	3.113
827	37.75
828	25.07
829	32.56
830	38.58
831	36.48
832	33.78
833	12.59
834	34.42
835	1.227
836	22.92
837	10.45
838	35.3
839	31.41
840	12.35
841	21.51
842	15.87
843	18.96
844	25.44
845	33.5
846	2.778
847	27.64
848	18.54
849	28.88
850	11.89
851	4.571
852	34.0
853	27.66
854	2.69
855	10.99
856	31.52
857	13.4
858	5.074
859	29.45
860	39.5
861	25.79
862	21.49
863	2.209
864	28.75
865	5.51
866	20.59
867	10.09
868	11.0
869	28.54
870	35.1
871	16.52
872	7.552
873	7.976
874	8.832
875	13.8
876	17.64
877	35.83
878	37.88
879	5.889
880	25.19
881	8.642
882	6.159
883	30.12
884	38.21
885	8.63
886	17.41
887	7.606
888	3.776
889	8.907
890	30.02
891	11.39
892	22.34
893	11.11
894	7.801
895	33.73
896	37.58
897	21.4
898	38.64
899	24.67
900	16.07
901	20.46
902	1.215
903	27.26
904	3.439
905	10.08
906	35.81
907	20.22
908	28.31
909	7.202
910	22.81
911	13.4
912	35.41
913	10.78
914	7.166
915	12.5
916	11.58
917	16.98
918	27.74
919	17.14
920	32.82
921	29.67
922	1.243
923	30.28
924	25.96
925	21.9
926	38.36
927	4.509
928	0.2106
929	15.28
930	8.702
931	28.84
932	34.19
933	34.49
934	39.59
935	6.803
936	27.18
937	37.27
938	8.847
939	13.7
940	4.824
941	0.8331
942	30.66
943	28.08
944	10.36
945	27.91
946	20.87
947	33.48
948	10.29
949	1.469
950	20.12
951	12.37
952	6.548
953	10.63
954	5.149
955	13.93
956	32.65
957	7.536
958	22.98
959	3.25
960	15.58
961	35.37
962	0.06615
963	27.39
964	27.6
965	3.271
966	28.85
967	32.8
968	39.22
969	19.23
970	23.98
971	3.601
972	4.41
973	3.928
974	15.33
975	18.41
976	25.99
977	20.52
978	26.89
979	25.75
980	33.39
981	0.7361
982	8.057
983	37.86
984	37.42
985	38.33
986	39.16
987	30.92
988	0.1814
989	29.13
990	22.12
991	29.74
992	17.91
993	29.76
994	6.927
995	34.55
996	4.668
997	31.34
998	38.99
999	7.295
1000	24.08
1001	22.35
1002	14.37
1003	20.56
1004	21.85
1005	4.354
1006	25.06
1007	24.53
1008	4.14
1009	2.475
1010	5.495
1011	27.88
1012	31.73
1013	18.56
1014	32.75
1015	6.298
1016	36.82
1017	15.3
1018	29.2
1019	25.55
1020	7.234
1021	36.57
1022	28.7
1023	38.47
1024	20.66
1025	27.97
1026	8.3
1027	28.42
1028	11.78
1029	32.64
1030	13.92
1031	27.07
1032	17.86
1033	37.6
1034	2.663
1035	9.328
1036	12.1
1037	18.53
1038	25.51
1039	21.7
1040	2.87
1041	0.5893
1042	25.24
1043	6.787
1044	33.55
1045	20.66
1046	11.06
1047	35.0
1048	1.778
1049	32.5
1050	2.713
1051	25.84
1052	34.46
1053	19.36
1054	18.03
1055	39.51
1056	21.59
1057	4.422
1058	7.922
1059	7.149
1060	9.631
1061	18.11
1062	31.53
1063	0.4684
1064	5.846
1065	20.27
1066	39.31
1067	2.781
1068	3.315
1069	19.85
1070	14.52
1071	25.57
1072	1.734
1073	37.94
1074	0.06453
1075	17.61
1076	10.09
1077	36.37
1078	0.9782
1079	1.899
1080	13.65
1081	2.326
1082	22.48
1083	16.05
1084	17.11
1085	16.46
1086	18.83
1087	17.25
1088	23.26
1089	11.4
1090	38.27
1091	18.26
1092	30.9
1093	11.32
1094	33.9
1095	4.592
1096	29.54
1097	20.64
1098	26.46
1099	15.87
1100	16.05
1101	7.535
1102	23.91
1103	34.31
1104	14.73
1105	10.49
1106	19.26
1107	15.04
1108	22.39
1109	0.01701
1110	17.49
1111	38.27
1112	29.6
1113	7.412
1114	37.88
1115	25.4
1116	14.47
1117	17.7
1118	36.18
1119	17.28
1120	6.942
1121	31.31
1122	26.02
1123	22.67
1124	20.85
1125	6.023
1126	33.92
1127	7.629
1128	16.5
1129	15.77
1130	6.746
1131	0.9916
1132	1.026
1133	29.43
1134	14.52
1135	21.75
1136	5.211
1137	26.54
1138	27.16
1139	8.411
1140	11.38
1141	27.09
1142	39.67
1143	29.2
1144	27.53
1145	30.65
1146	1.209
1147	39.49
1148	16.64
1149	36.77
1150	30.85
1151	5.395
1152	11.68
1153	13.89
1154	30.5
1155	37.61
1156	23.73
1157	14.07
1158	8.146
1159	22.61
1160	20.62
1161	36.88
1162	5.246
1163	37.52
1164	19.32
1165	18.38
1166	15.95
1167	6.555
1168	21.54
1169	21.95
1170	32.38
1171	6.489
1172	12.85
1173	28.55
1174	4.831
1175	37.95
1176	24.88
1177	18.99
1178	34.56
1179	23.91
1180	2.622
1181	26.64
1182	25.95
1183	34.66
1184	31.14
1185	12.74
1186	8.83
1187	33.62
1188	4.234
1189	38.73
1190	10.84
1191	28.56
1192	38.92
1193	24.31
1194	7.338
1195	39.01
1196	18.43
1197	36.36
1198	5.96
1199	31.41
1200	0.9119
1201	33.91
1202	31.38
1203	12.65
1204	2.455
1205	3.166
1206	4.728
1207	15.24
1208	30.1
1209	29.41
1210	36.91
1211	17.64
1212	27.31
1213	17.2
1214	10.85
1215	31.84
1216	6.049
1217	27.24
1218	31.72
1219	19.68
1220	16.25
1221	27.11
1222	29.61
1223	8.267
1224	27.56
1225	15.49
1226	35.49
1227	16.16
1228	7.628
1229	12.46
1230	25.8
1231	17.38
1232	28.63
1233	33.99
1234	14.26
1235	25.7
1236	23.06
1237	0.008676
1238	1.44
1239	4.512
1240	1.984
1241	14.57
1242	7.583
1243	13.01
1244	17.81
1245	35.12
1246	20.79
1247	38.25
1248	35.91
1249	9.844
1250	38.26
1251	33.95
1252	36.71
1253	13.37
1254	17.0
1255	10.47
1256	0.8167
1257	5.531
1258	9.615
1259	16.18
1260	21.68
1261	21.14
1262	16.28
1263	15.16
1264	35.6
1265	29.6
1266	29.46
1267	32.9
1268	12.36
1269	7.155
1270	9.925
1271	38.37
1272	34.29
1273	29.75
1274	13.98
1275	25.5
1276	8.494
1277	5.864
1278	36.06
1279	6.421
1280	3.488
1281	37.98
1282	25.27
1283	33.79
1284	16.42
1285	6.287
1286	10.4
1287	39.49
1288	0.5835
1289	3.26
1290	37.69
1291	38.28
1292	10.91
1293	27.35
1294	20.85
1295	3.786
1296	12.75
1297	4.503
1298	2.385
1299	3.584
1300	16.08
1301	29.53
1302	32.25
1303	8.607
1304	35.48
1305	8.278
1306	29.32
1307	3.032
1308	27.81
1309	30.68
1310	26.87
1311	10.65
1312	6.362
1313	17.54
1314	35.39
1315	21.8
1316	16.64
1317	27.15
1318	0.794
1319	33.15
1320	8.024
1321	4.437
1322	5.619
1323	5.102
1324	18.22
1325	6.491
1326	29.86
1327	27.69
1328	12.5
1329	30.79
1330	37.26
1331	0.8726
1332	4.157
1333	6.899
1334	3.611
1335	7.857
1336	4.433
1337	18.17
1338	19.35
1339	32.16
1340	30.67
1341	25.69
1342	7.85
1343	31.69
1344	14.38
1345	23.58
1346	18.12
1347	22.34
1348	29.82
1349	33.69
1350	27.79
1351	0.4159
1352	16.39
1353	32.1
1354	28.36
1355	19.26
1356	34.44
1357	24.05
1358	33.67
1359	15.36
1360	10.57
1361	13.64
1362	30.95
1363	29.37
1364	11.97
1365	23.83
1366	21.27
1367	2.09
1368	3.61
1369	29.26
1370	29.28
1371	17.6
1372	9.623
1373	9.535
1374	37.72
1375	25.09
1376	11.39
1377	2.832
1378	30.17
1379	24.7
1380	6.591
1381	19.98
1382	38.86
1383	28.77
1384	17.26
1385	4.739
1386	15.92
1387	17.07
1388	24.39
1389	0.08261
1390	16.14
1391	2.464
1392	31.23
1393	11.62
1394	33.85
1395	5.077
1396	1.447
1397	19.64
1398	7.286
1399	7.3
1400	25.86
1401	1.836
1402	7.969
1403	3.684
1404	36.65
1405	24.14
1406	34.34
1407	33.73
1408	7.261
1409	6.756
1410	15.54
1411	28.54
1412	27.12
1413	5.346
1414	6.757
1415	14.57
1416	1.766
1417	21.64
1418	16.63
1419	38.11
1420	13.6
1421	16.04
1422	30.47
1423	34.58
1424	16.24
1425	29.77
1426	25.64
1427	30.1
1428	21.92
1429	11.49
1430	9.602
1431	22.11
1432	30.43
1433	19.59
1434	29.92
1435	36.05
1436	33.37
1437	21.38
1438	1.259
1439	28.11
1440	16.03
1441	18.31
1442	13.82
1443	0.1543
1444	32.7
1445	4.989
1446	10.91
1447	31.77
1448	34.87
1449	10.65
1450	18.35
1451	20.79
1452	2.541
1453	0.8356
1454	26.29
1455	37.15
1456	1.127
1457	24.07
1458	32.46
1459	13.37
1460	14.04
1461	8.143
1462	26.57
1463	31.4
1464	13.15
1465	22.51
1466	25.62
1467	33.42
1468	29.98
1469	5.02
1470	22.08
1471	25.52
1472	23.13
1473	38.22
1474	25.53
1475	14.86
1476	6.048
1477	14.92
1478	4.559
1479	39.42
1480	26.41
1481	34.11
1482	14.33
1483	33.66
1484	1.163
1485	2.392
1486	8.521
1487	3.128
1488	36.24
1489	33.12
1490	16.22
1491	10.87
1492	6.076
1493	30.77
1494	0.3177
1495	0.1102
1496	12.83
1497	26.5
1498	22.93
1499	13.0
1500	4.669
1501	9.061
1502	33.14
1503	26.96
1504	31.6
1505	19.02
1506	22.94
1507	22.62
1508	21.23
1509	36.23
1510	6.411
1511	23.77
1512	32.78
1513	26.09
1514	38.16
1515	35.58
1516	0.2294
1517	24.15
1518	12.2
1519	2.884
1520	12.08
1521	28.79
1522	39.8
1523	2.409
1524	38.06
1525	12.89
1526	16.32
1527	4.302
1528	8.399
1529	2.991
1530	5.168
1531	18.58
1532	16.67
1533	22.05
1534	22.35
1535	23.3
1536	39.72
1537	36.57
1538	13.61
1539	37.98
1540	13.97
1541	12.23
1542	24.86
1543	3.464
1544	5.103
1545	7.671
1546	25.0
1547	18.51
1548	11.43
1549	17.34
1550	28.58
1551	23.59
1552	25.14
1553	16.74
1554	22.11
1555	8.447
1556	31.12
1557	29.38
1558	35.4
1559	6.481
1560	0.595
1561	39.36
1562	39.66
1563	27.06
1564	25.95
1565	3.658
1566	6.727
1567	4.349
1568	11.19
1569	17.93
1570	7.87
1571	13.56
1572	18.57
1573	3.135
1574	12.98
1575	4.437
1576	25.18
1577	27.65
1578	10.35
1579	34.75
1580	33.95
1581	17.02
1582	4.051
1583	18.84
1584	13.84
1585	26.42
1586	20.82
1587	23.59
1588	4.71
1589	5.313
1590	38.99
1591	19.88
1592	5.845
1593	14.55
1594	17.57
1595	21.42
1596	21.78
1597	6.281
1598	29.54
1599	14.09
1600	39.65
1601	28.36
1602	19.94
1603	8.769
1604	5.473
1605	23.5
1606	0.5875
1607	8.994
1608	33.05
1609	34.42
1610	5.221
1611	5.106
1612	10.66
1613	25.24
1614	0.46
1615	1.846
1616	0.7551
1617	10.8
1618	35.82
1619	7.668
1620	0.73
1621	25.02
1622	4.433
1623	17.09
1624	10.05
1625	24.51
1626	15.16
1627	24.18
1628	38.57
1629	37.05
1630	23.25
1631	18.82
1632	15.87
1633	16.81
1634	25.48
1635	17.48
1636	20.05
1637	7.751
1638	26.42
1639	22.85
1640	33.63
1641	36.01
1642	31.56
1643	10.94
1644	14.29
1645	12.58
1646	8.933
1647	8.584
1648	20.88
1649	29.04
1650	9.99
1651	26.32
1652	27.11
1653	29.31
1654	18.99
1655	19.16
1656	17.11
1657	25.27
1658	39.39
1659	26.53
1660	20.43
1661	22.61
1662	26.87
1663	8.421
1664	19.24
1665	23.55
1666	5.962
1667	16.18
1668	23.9
1669	7.164
1670	7.106
1671	1.139
1672	1.614
1673	0.6958
1674	5.423
1675	38.17
1676	12.69
1677	36.26
1678	9.759
1679	14.06
1680	5.752
1681	35.46
1682	23.17
1683	9.364
1684	32.43
1685	12.59
1686	36.48
1687	10.51
1688	8.108
1689	5.492
1690	21.84
1691	23.63
1692	39.83
1693	24.64
1694	5.413
1695	32.65
1696	30.0
1697	21.79
1698	32.16
1699	23.86
1700	38.16
1701	36.9
1702	16.48
1703	22.4
1704	12.86
1705	8.334
1706	26.8
1707	34.3
1708	6.072
1709	12.01
1710	35.41
1711	23.77
1712	3.331
1713	38.97
1714	4.975
1715	14.67
1716	12.14
1717	38.78
1718	34.96
1719	19.86
1720	31.54
1721	14.33
1722	24.39
1723	30.68
1724	11.74
1725	20.42
1726	18.91
1727	39.88
1728	25.49
1729	9.516
1730	0.5454
1731	16.62
1732	8.522
1733	15.93
1734	23.6
1735	6.581
1736	35.85
1737	21.42
1738	6.708
1739	7.728
1740	16.94
1741	34.12
1742	34.06
1743	28.3
1744	0.2374
1745	5.926
1746	0.6011
1747	25.16
1748	13.29
1749	32.85
1750	34.52
1751	0.9234
1752	16.2
1753	37.56
1754	11.71
1755	24.62
1756	39.95
1757	4.908
1758	29.54
1759	18.6
1760	35.37
1761	31.58
1762	28.68
1763	3.789
1764	10.22
1765	17.24
1766	6.02
1767	37.74
1768	5.316
1769	39.62
1770	6.985
1771	29.09
1772	28.8
1773	21.02
1774	9.417
1775	20.52
1776	28.83
1777	34.05
1778	6.981
1779	15.0
1780	18.15
1781	20.07
1782	34.97
1783	22.89
1784	34.89
1785	27.92
1786	26.05
1787	13.16
1788	2.19
1789	3.413
1790	25.45
1791	2.6
1792	24.04
1793	35.38
1794	1.966
1795	23.55
1796	10.8
1797	14.66
1798	3.848
1799	33.45
1800	35.63
1801	4.274
1802	9.744
1803	24.99
1804	12.97
1805	2.781
1806	16.43
1807	29.65
1808	30.66
1809	18.62
1810	21.65
1811	13.81
1812	37.59
1813	25.21
1814	18.56
1815	31.82
1816	34.38
1817	9.518
1818	2.285
1819	28.02
1820	23.78
1821	27.76
1822	13.42
1823	10.92
1824	32.23
1825	18.08
1826	0.7855
1827	29.18
1828	6.856
1829	19.67
1830	20.46
1831	8.02
1832	36.9
1833	1.218
1834	31.23
1835	21.4
1836	20.49
1837	2.465
1838	31.56
1839	8.219
1840	35.75
1841	7.044
1842	11.4
1843	21.21
1844	19.74
1845	26.37
1846	3.204
1847	34.38
1848	33.08
1849	23.49
1850	38.22
1851	10.39
1852	27.45
1853	39.41
1854	4.062
1855	21.25
1856	20.09
1857	18.93
1858	23.21
1859	32.99
1860	11.99
1861	17.92
1862	23.46
1863	34.66
1864	16.9
1865	8.593
1866	11.23
1867	8.147
1868	14.63
1869	37.86
1870	4.282
1871	26.08
1872	28.0
1873	35.96
1874	13.3
1875	11.37
1876	10.02
1877	15.07
1878	6.836
1879	4.714
1880	11.51
1881	16.35
1882	37.33
1883	31.22
1884	18.58
1885	36.93
1886	11.24
1887	32.15
1888	16.7
1889	12.35
1890	39.09
1891	23.83
1892	32.84
1893	0.145
1894	16.57
1895	29.07
1896	22.25
1897	0.9064
1898	20.83
1899	28.2
1900	29.11
1901	10.2
1902	32.61
1903	24.76
1904	25.04
1905	14.72
1906	34.72
1907	4.449
1908	29.97
1909	24.81
1910	5.22
1911	28.26
1912	30.92
1913	2.299
1914	27.85
1915	3.198
1916	22.73
1917	3.016
1918	5.377
1919	22.36
1920	6.796
1921	6.913
1922	27.36
1923	7.983
1924	24.34
1925	16.88
1926	17.35
1927	38.65
1928	12.3
1929	19.72
1930	8.143
1931	5.011
1932	14.16
1933	1.807
1934	2.448
1935	3.838
1936	8.183
1937	1.152
1938	36.65
1939	15.57
1940	29.33
1941	17.23
1942	22.44
1943	10.14
1944	3.087
1945	9.82
1946	22.07
1947	11.55
1948	12.55
1949	9.962
1950	29.19
1951	2.162
1952	0.2825
1953	16.21
1954	9.244
1955	29.69
1956	7.307
1957	13.7
1958	21.21
1959	10.66
1960	17.76
1961	20.5
1962	31.53
1963	12.41
1964	16.66
1965	25.66
1966	32.22
1967	36.19
1968	25.16
1969	22.27
1970	25.69
1971	22.27
1972	3.563
1973	35.08
1974	6.195
1975	4.954
1976	30.9
1977	32.8
1978	2.18
1979	7.678
1980	29.38
1981	6.417
1982	36.0
1983	4.087
1984	15.02
1985	30.58
1986	1.065
1987	26.22
1988	25.27
1989	34.69
1990	34.18
1991	39.3
1992	1.398
1993	8.913
1994	18.38
1995	34.96
1996	34.87
1997	14.67
1998	39.24
1999	35.53
2000	1.905
301	3.866
302	1.852
303	4.068
304	6.476
305	8.865
306	4.197
307	1.649
308	2.482
309	2.71
310	3.112
311	2.662
312	5.078
313	2.934
314	3.264
315	2.68
316	2.832
317	2.826
318	3.035
319	3.069
320	2.338
321	2.997
322	1.875
323	1.864
324	2.386
325	2.404
326	1.853
327	3.095
328	2.822
329	2.215
330	3.918
331	2.816
332	2.44
333	2.853
334	2.171
335	1.747
336	6.336
337	4.121
338	3.285
339	2.395
340	3.381
341	2.036
342	2.03
343	3.187
344	4.19
345	2.192
346	2.81
347	3.402
348	2.048
349	3.289
350	2.615
351	2.551
352	3.011
353	2.498
354	3.578
355	2.351
356	2.274
357	2.859
358	2.961
359	2.674
360	2.587
361	3.563
362	2.737
363	2.757
364	2.853
365	2.128
366	2.494
367	4.339
368	2.509
369	2.916
370	2.802
371	3.3
372	2.331
373	8.29
374	1.995
375	2.544
376	2.19
377	3.057
378	2.163
379	2.056
380	3.003
381	2.891
382	2.7
383	2.925
384	2.406
385	3.416
386	2.52
387	2.989
388	2.895
389	4.542
390	3.915
391	6.644
392	7.367
393	6.505
394	1.173
395	2.463
396	2.594
397	2.741
398	3.616
399	1.854
400	1.949
401	2.945
402	5.474
403	3.201
404	4.404
405	3.154
406	2.315
407	2.813
408	2.922
409	2.619
410	2.653
411	3.322
412	1.703
413	4.196
414	4.012
415	1.535
416	1.991
417	4.106
418	3.486
419	3.25
420	2.007
421	1.984
422	1.793
423	5.39
424	2.863
425	3.398
426	3.169
427	3.311
428	3.411
429	2.65
430	2.705
431	2.237
432	2.003
433	3.346
434	3.532
435	2.822
436	2.142
437	2.661
438	2.947
439	2.179
440	2.733
441	2.693
442	1.759
443	2.904
444	2.698
445	3.058
446	2.235
447	2.463
448	2.192
449	1.949
450	3.861
451	4.726
452	4.62
453	2.053
454	1.594
455	2.017
456	3.634
457	2.364
458	2.422
459	2.456
460	3.777
461	3.579
462	4.334
463	2.318
464	2.743
465	2.914
466	2.607
467	4.1
468	2.946
469	2.927
470	2.723
471	3.264
472	3.237
473	2.59
474	2.931
475	2.676
476	3.5
477	3.167
478	2.137
479	2.388
480	2.288
481	2.913
482	1.977
483	3.609
484	2.5
485	2.198
486	3.49
487	3.004
488	2.747
489	3.014
490	4.156
491	4.447
492	2.992
493	2.987
494	1.957
495	2.952
496	4.154
497	3.99
498	3.638
499	3.536
500	3.045
501	3.993
502	2.276
503	2.877
504	2.759
505	2.831
506	3.093
507	3.553
508	3.663
509	1.858
510	3.841
511	2.298
512	2.301
513	3.281
514	2.83
515	2.305
516	2.753
517	2.646
518	3.005
519	2.959
520	4.857
521	3.339
522	2.647
523	2.913
524	2.943
525	2.354
526	6.621
527	8.108
528	1.625
529	4.843
530	8.646
531	3.685
532	2.346
533	2.728
534	5.042
535	3.692
536	3.891
537	3.717
538	4.023
539	2.413
540	5.489
541	7.952
542	3.351
543	2.549
544	2.161
545	2.614
546	2.887
547	1.822
548	1.583
549	3.851
550	3.42
551	2.357
552	2.387
553	3.537
554	4.116
555	1.621
556	3.987
557	3.505
558	2.95
559	2.412
560	2.883
561	2.127
562	3.585
563	2.055
564	2.696
565	2.673
566	4.664
567	2.793
568	3.146
569	3.071
570	2.654
571	2.944
572	2.716
573	4.025
574	6.442
575	4.204
576	2.592
577	3.213
578	2.6
579	3.234
580	3.061
581	2.601
582	2.198
583	2.08
584	1.779
585	1.94
586	2.29
587	2.816
588	3.282
589	3.352
590	2.221
591	2.565
592	2.684
593	2.657
594	2.543
595	2.4
596	2.746
597	2.968
598	2.985
599	3.018
600	2.868
601	2.576
602	2.829
603	2.84
604	2.257
605	2.115
606	3.116
607	3.257
608	3.538
609	2.706
610	3.981
611	2.107
612	2.308
613	2.972
614	5.694
615	1.485
616	2.264
617	2.57
618	2.838
619	3.995
620	2.24
621	1.785
622	3.905
623	3.169
624	3.406
625	3.058
626	2.053
627	1.933
628	1.826
629	2.907
630	3.727
631	5.274
632	9.447
633	1.64
634	1.841
635	2.829
636	3.632
637	2.332
638	2.442
639	2.253
640	3.045
641	3.054
642	3.956
643	3.546
644	2.731
645	1.804
646	4.758
647	4.726
648	1.495
649	4.648
650	2.657
651	3.282
652	2.03
653	2.186
654	2.231
655	2.665
656	2.075
657	2.923
658	2.431
659	2.521
660	2.387
661	3.197
662	2.451
663	2.168
664	5.876
665	3.05
666	3.537
667	2.37
668	2.105
669	3.493
670	4.689
671	3.113
672	3.328
673	2.954
674	2.485
675	2.926
676	3.226
677	2.959
678	2.543
679	2.112
680	3.977
681	4.976
682	2.488
683	2.087
684	2.16
685	2.24
686	4.864
687	3.45
688	2.284
689	4.164
690	3.801
691	2.645
692	2.425
693	2.721
694	2.918
695	2.429
696	3.223
697	2.622
698	3.423
699	2.363
700	3.573
701	3.971
702	2.41
703	2.636
704	3.92
705	2.601
706	2.513
707	3.072
708	3.543
709	1.813
710	1.981
711	3.871
712	4.205
713	2.657
714	2.878
715	4.117
716	2.754
717	2.705
718	2.88
719	2.598
720	2.815
721	2.382
722	2.517
723	3.221
724	3.694
725	1.7
726	2.881
727	2.062
728	2.369
729	2.953
730	2.285
731	3.34
732	1.971
733	2.008
734	2.722
735	2.275
736	2.464
737	3.35
738	4.314
739	1.902
740	2.721
741	2.242
742	2.234
743	3.331
744	4.738
745	4.29
746	3.446
747	4.302
748	3.296
749	2.282
750	2.928
751	5.192
752	5.442
753	7.82
754	2.072
755	2.778
756	2.921
757	3.101
758	3.107
759	2.173
760	3.613
761	1.885
762	3.676
763	4.393
764	2.745
765	1.957
766	2.166
767	2.027
768	3.539
769	3.557
770	3.612
771	2.948
772	2.636
773	2.98
774	4.003
775	3.417
776	2.993
777	3.04
778	3.036
779	3.73
780	2.965
781	3.562
782	4.26
783	1.809
784	5.368
785	3.011
786	3.046
787	2.687
788	2.252
789	2.46
790	3.226
791	2.61
792	2.648
793	4.605
794	3.625
795	3.338
796	3.427
797	3.221
798	3.408
799	2.499
800	2.638
801	2.711
802	2.871
803	3.018
804	2.643
805	2.252
806	2.422
807	2.449
808	1.737
809	3.95
810	3.294
811	2.645
812	2.757
813	2.38
814	2.396
815	2.661
816	2.289
817	2.1
818	3.216
819	3.183
820	3.71
821	3.782
822	2.244
823	2.951
824	2.438
825	3.638
826	3.909
827	3.543
828	1.972
829	2.163
830	2.674
831	2.303
832	3.027
833	3.13
834	2.483
835	3.156
836	3.35
837	2.921
838	3.489
839	3.735
840	1.747
841	4.264
842	4.201
843	3.999
844	3.63
845	3.299
846	2.322
847	2.341
848	2.927
849	3.218
850	2.707
851	1.844
852	3.953
853	1.944
854	4.85
855	2.958
856	3.013
857	2.663
858	2.927
859	4.419
860	2.774
861	2.263
862	2.169
863	2.948
864	1.928
865	2.965
866	2.819
867	1.816
868	2.764
869	2.092
870	2.406
871	1.459
872	1.544
873	2.641
874	2.74
875	2.517
876	2.34
877	3.449
878	3.498
879	2.633
880	2.598
881	2.608
882	4.26
883	2.167
884	3.188
885	2.584
886	2.006
887	3.278
888	3.996
889	3.616
890	3.26
891	2.067
892	3.437
893	3.333
894	2.74
895	2.6
896	2.435
897	2.281
898	2.577
899	2.767
900	3.26
901	1.764
902	2.32
903	2.413
904	2.8
905	2.572
906	2.505
907	3.819
908	3.978
909	2.811
910	2.977
911	4.275
912	4.791
913	4.497
914	6.5
915	5.286
916	4.834
917	5.345
918	3.042
919	3.237
920	4.238
921	1.464
922	4.5
923	2.325
924	2.62
925	2.787
926	2.828
927	2.596
928	2.538
929	2.166
930	3.736
931	3.714
932	1.712
933	4.261
934	3.247
935	3.209
936	3.223
937	2.804
938	3.63
939	3.759
940	3.892
941	3.79
942	3.097
943	2.214
944	3.63
945	2.941
946	2.698
947	2.556
948	2.639
949	2.334
950	3.164
951	2.947
952	2.906
953	4.766
954	2.517
955	2.761
956	3.457
957	1.978
958	2.609
959	3.847
960	4.044
961	1.977
962	3.584
963	3.609
964	3.099
965	2.825
966	3.05
967	2.957
968	2.064
969	1.923
970	2.218
971	3.093
972	3.203
973	3.223
974	2.395
975	3.429
976	3.674
977	2.041
978	2.606
979	3.263
980	2.369
981	2.767
982	3.319
983	2.352
984	2.375
985	2.185
986	2.964
987	2.54
988	1.98
989	3.436
990	3.398
991	2.589
992	3.204
993	2.373
994	2.058
995	2.452
996	2.353
997	2.858
998	3.439
999	1.925
1000	2.049
1001	2.577
1002	2.891
1003	3.199
1004	9.338
1005	8.372
1006	6.131
1007	3.866
1008	3.833
1009	3.046
1010	2.981
1011	2.312
1012	2.85
1013	2.791
1014	1.998
1015	2.593
1016	3.179
1017	5.419
1018	4.984
1019	5.022
1020	2.186
1021	2.583
1022	2.361
1023	2.692
1024	2.791
1025	2.569
1026	3.254
1027	2.669
1028	2.498
1029	2.18
1030	3.19
1031	2.7
1032	2.211
1033	3.022
1034	2.843
1035	2.849
1036	3.13
1037	2.057
1038	3.228
1039	2.12
1040	2.407
1041	2.478
1042	2.411
1043	1.723
1044	4.03
1045	2.128
1046	2.133
1047	3.621
1048	5.127
1049	6.342
1050	7.658
1051	5.289
1052	2.783
1053	3.472
1054	4.887
1055	6.679
1056	7.335
1057	4.114
1058	5.4
1059	1.692
1060	1.798
1061	2.15
1062	3.395
1063	1.961
1064	2.114
1065	1.949
1066	3.814
1067	3.92
1068	2.132
1069	2.111
1070	3.58
1071	4.166
1072	3.846
1073	4.438
1074	2.809
1075	2.483
1076	2.351
1077	2.486
1078	2.066
1079	2.99
1080	2.131
1081	3.027
1082	2.127
1083	2.656
1084	2.798
1085	2.463
1086	3.03
1087	2.518
1088	2.42
1089	3.784
1090	2.459
1091	4.426
1092	2.571
1093	2.904
1094	2.884
1095	2.678
1096	2.321
1097	2.676
1098	2.443
1099	2.225
1100	2.794
1101	2.694
1102	3.489
1103	2.922
1104	2.101
1105	9.242
1106	7.155
1107	2.482
1108	3.047
1109	2.402
1110	3.448
1111	2.599
1112	3.588
1113	3.892
1114	3.902
1115	3.181
1116	6.4
1117	5.372
1118	2.423
1119	2.569
1120	2.012
1121	2.811
1122	2.694
1123	2.257
1124	3.068
1125	2.197
1126	2.256
1127	2.321
1128	2.928
1129	2.922
1130	2.699
1131	2.116
1132	2.635
1133	3.238
1134	2.68
1135	3.125
1136	2.255
1137	3.253
1138	3.016
1139	2.783
1140	1.855
1141	2.817
1142	3.569
1143	3.818
1144	1.711
1145	3.324
1146	3.502
1147	2.265
1148	4.038
1149	3.856
1150	3.909
1151	2.463
1152	2.794
1153	2.639
1154	2.649
1155	2.602
1156	3.519
1157	5.464
1158	3.428
1159	3.593
1160	3.57
1161	4.201
1162	1.703
1163	2.229
1164	2.622
1165	2.98
1166	2.911
1167	2.507
1168	2.83
1169	2.387
1170	2.442
1171	2.44
1172	2.833
1173	2.205
1174	2.966
1175	2.433
1176	3.251
1177	2.047
1178	3.046
1179	2.857
1180	2.392
1181	2.604
1182	2.615
1183	2.306
1184	2.983
1185	3.152
1186	3.512
1187	2.661
1188	3.893
1189	1.854
1190	2.652
1191	2.348
1192	2.345
1193	3.454
1194	2.609
1195	2.716
1196	2.044
1197	2.635
1198	3.239
1199	3.129
1200	2.168
1201	3.756
1202	3.508
1203	3.832
1204	3.48
1205	2.161
1206	2.936
1207	2.998
1208	2.556
1209	3.686
1210	3.705
1211	3.013
1212	1.905
1213	1.983
1214	3.44
1215	2.436
1216	3.261
1217	2.505
1218	2.74
1219	2.864
1220	2.147
1221	2.295
1222	2.745
1223	2.354
1224	2.949
1225	3.03
1226	3.374
1227	2.73
1228	2.3
1229	3.803
1230	4.114
1231	4.407
1232	4.224
1233	2.233
1234	1.759
1235	2.817
1236	2.554
1237	4.366
1238	2.471
1239	2.786
1240	3.099
1241	1.748
1242	2.041
1243	5.931
1244	5.91
1245	1.71
1246	4.489
1247	4.063
1248	3.874
1249	1.942
1250	3.541
1251	1.911
1252	1.938
1253	3.151
1254	2.279
1255	4.336
1256	3.912
1257	3.727
1258	3.445
1259	3.029
1260	2.878
1261	3.951
1262	3.28
1263	8.826
1264	7.12
1265	9.622
1266	3.715
1267	2.218
1268	3.103
1269	3.641
1270	3.697
1271	3.119
1272	2.921
1273	3.378
1274	3.54
1275	2.866
1276	2.408
1277	2.588
1278	2.84
1279	2.836
1280	2.307
1281	2.197
1282	2.282
1283	2.703
1284	2.706
1285	3.127
1286	2.818
1287	3.142
1288	3.149
1289	3.692
1290	4.016
1291	3.24
1292	2.005
1293	2.048
1294	2.996
1295	3.193
1296	2.268
1297	2.055
1298	2.963
1299	2.053
1300	2.604
1301	2.655
1302	2.581
1303	3.142
1304	2.821
1305	2.14
1306	4.094
1307	2.059
1308	2.14
1309	2.43
1310	2.301
1311	2.705
1312	2.532
1313	2.488
1314	3.006
1315	2.929
1316	2.509
1317	2.504
1318	4.275
1319	2.96
1320	4.57
1321	9.637
1322	2.628
1323	3.28
1324	2.977
1325	3.205
1326	2.338
1327	2.327
1328	2.68
1329	2.518
1330	2.924
1331	2.762
1332	2.466
1333	2.064
1334	3.43
1335	2.186
1336	1.984
1337	2.83
1338	2.592
1339	2.516
1340	3.026
1341	3.115
1342	2.863
1343	3.047
1344	3.02
1345	2.912
1346	2.973
1347	2.946
1348	3.226
1349	3.478
1350	2.915
1351	3.553
1352	3.458
1353	3.077
1354	3.212
1355	3.377
1356	5.276
1357	2.824
1358	2.589
1359	2.631
1360	2.674
1361	5.285
1362	3.219
1363	3.05
1364	4.215
1365	3.464
1366	2.869
1367	2.439
1368	2.739
1369	3.005
1370	3.954
1371	2.434
1372	7.526
1373	3.439
1374	2.252
1375	2.191
1376	2.552
1377	3.03
1378	3.122
1379	2.671
1380	2.517
1381	3.061
1382	1.956
1383	2.804
1384	2.496
1385	2.387
1386	2.938
1387	2.654
1388	3.23
1389	2.287
1390	3.215
1391	2.232
1392	2.433
1393	4.113
1394	2.383
1395	2.448
1396	2.756
1397	2.122
1398	2.334
1399	2.22
1400	2.945
1401	1.907
1402	3.372
1403	2.853
1404	4.774
1405	7.742
1406	6.591
1407	5.545
1408	4.902
1409	3.96
1410	2.987
1411	3.863
1412	3.797
1413	4.838
1414	2.676
1415	2.485
1416	2.544
1417	3.288
1418	3.176
1419	3.178
1420	3.935
1421	3.457
1422	4.135
1423	4.909
1424	5.382
1425	3.657
1426	5.818
1427	2.112
1428	2.732
1429	4.739
1430	4.046
1431	2.214
1432	2.099
1433	2.287
1434	3.986
1435	3.386
1436	2.635
1437	3.288
1438	3.028
1439	3.389
1440	4.011
1441	2.985
1442	2.28
1443	2.102
1444	2.996
1445	4.412
1446	1.717
1447	3.996
1448	2.363
1449	2.373
1450	3.419
1451	2.062
1452	2.024
1453	4.299
1454	5.584
1455	5.551
1456	3.46
1457	2.398
1458	2.956
1459	2.951
1460	2.54
1461	2.625
1462	2.905
1463	1.669
1464	6.357
1465	2.878
1466	2.357
1467	1.617
1468	2.056
1469	5.445
1470	2.03
1471	2.134
1472	2.183
1473	3.608
1474	3.094
1475	1.813
1476	3.009
1477	2.596
1478	3.678
1479	3.277
1480	5.156
1481	3.285
1482	2.254
1483	4.095
1484	1.708
1485	1.516
1486	5.202
1487	3.357
1488	2.248
1489	3.503
1490	2.378
1491	2.385
1492	3.812
1493	3.585
1494	2.411
1495	2.274
1496	4.149
1497	3.119
1498	2.659
1499	2.271
1500	3.61
1501	2.663
1502	2.405
1503	2.691
1504	4.334
1505	2.629
1506	2.445
1507	2.559
1508	2.236
1509	2.921
1510	3.439
1511	2.627
1512	2.294
1513	8.943
1514	8.367
1515	4.379
1516	1.756
1517	3.037
1518	2.893
1519	3.131
1520	2.448
1521	2.367
1522	4.356
1523	5.847
1524	3.872
1525	2.674
1526	2.886
1527	3.379
1528	2.31
1529	3.387
1530	2.08
1531	2.147
1532	2.376
1533	3.615
1534	2.936
1535	2.555
1536	4.589
1537	4.668
1538	2.475
1539	2.726
1540	2.936
1541	1.807
1542	1.71
1543	4.142
1544	4.884
1545	3.239
1546	1.97
1547	4.204
1548	3.959
1549	3.531
1550	1.722
1551	3.568
1552	2.301
1553	2.428
1554	2.298
1555	3.654
1556	2.706
1557	2.324
1558	2.427
1559	2.444
1560	2.418
1561	2.345
1562	3.399
1563	3.88
1564	4.142
1565	2.22
1566	2.318
1567	2.002
1568	2.603
1569	2.733
1570	2.348
1571	2.84
1572	3.261
1573	9.475
1574	5.038
1575	4.869
1576	3.645
1577	1.892
1578	1.561
1579	2.951
1580	2.583
1581	2.809
1582	3.27
1583	3.595
1584	2.613
1585	3.297
1586	2.287
1587	3.451
1588	1.883
1589	3.992
1590	3.918
1591	4.195
1592	1.782
1593	2.586
1594	2.587
1595	2.237
1596	2.653
1597	3.016
1598	2.432
1599	2.784
1600	2.956
1601	2.244
1602	2.405
1603	2.469
1604	4.103
1605	3.939
1606	2.514
1607	2.638
1608	3.115
1609	3.111
1610	2.467
1611	2.83
1612	3.511
1613	2.469
1614	2.54
1615	2.249
1616	2.832
1617	3.936
1618	2.148
1619	3.165
1620	2.994
1621	3.089
1622	2.777
1623	2.229
1624	2.862
1625	3.29
1626	2.043
1627	3.56
1628	3.538
1629	2.203
1630	2.829
1631	3.429
1632	2.676
1633	2.339
1634	2.653
1635	2.88
1636	2.222
1637	2.395
1638	2.487
1639	3.234
1640	2.199
1641	2.282
1642	2.896
1643	3.933
1644	3.809
1645	1.882
1646	3.395
1647	4.613
1648	5.502
1649	2.396
1650	2.122
1651	2.73
1652	2.829
1653	3.406
1654	2.343
1655	2.364
1656	3.127
1657	2.668
1658	2.909
1659	2.28
1660	2.44
1661	2.713
1662	2.975
1663	3.824
1664	2.209
1665	2.361
1666	2.296
1667	2.438
1668	2.315
1669	3.448
1670	2.227
1671	3.042
1672	1.916
1673	3.237
1674	2.194
1675	3.962
1676	3.311
1677	3.715
1678	2.117
1679	3.174
1680	3.053
1681	2.875
1682	2.298
1683	2.33
1684	2.744
1685	2.767
1686	3.069
1687	3.469
1688	4.006
1689	2.985
1690	3.108
1691	2.802
1692	3.101
1693	4.945
1694	3.136
1695	1.984
1696	2.016
1697	2.427
1698	2.672
1699	1.917
1700	2.131
1701	2.878
1702	1.986
1703	3.362
1704	2.423
1705	2.175
1706	3.373
1707	2.485
1708	2.164
1709	2.046
1710	2.971
1711	3.365
1712	2.837
1713	3.021
1714	3.414
1715	2.933
1716	1.942
1717	4.149
1718	3.363
1719	3.718
1720	1.907
1721	2.671
1722	2.321
1723	2.484
1724	2.563
1725	3.279
1726	3.294
1727	3.572
1728	3.117
1729	2.718
1730	2.518
1731	2.515
1732	5.244
1733	1.26
1734	8.761
1735	5.872
1736	4.873
1737	1.359
1738	1.968
1739	2.3
1740	2.302
1741	3.084
1742	2.382
1743	2.835
1744	2.433
1745	2.498
1746	2.741
1747	2.795
1748	2.758
1749	2.376
1750	3.474
1751	3.593
1752	4.222
1753	2.6
1754	4.223
1755	3.452
1756	2.065
1757	2.743
1758	2.274
1759	1.697
1760	2.282
1761	1.807
1762	2.791
1763	2.959
1764	3.239
1765	1.8
1766	3.539
1767	1.94
1768	2.633
1769	3.345
1770	4.73
1771	5.205
1772	3.132
1773	2.109
1774	3.522
1775	3.326
1776	1.732
1777	3.891
1778	4.007
1779	4.393
1780	5.138
1781	4.065
1782	4.137
1783	7.96
1784	2.962
1785	3.132
1786	3.044
1787	3.005
1788	3.048
1789	2.932
1790	2.619
1791	2.381
1792	2.437
1793	2.711
1794	3.179
1795	2.975
1796	2.772
1797	2.173
1798	2.44
1799	3.03
1800	4.592
1801	3.5
1802	2.868
1803	2.258
1804	2.991
1805	2.986
1806	2.557
1807	3.004
1808	2.867
1809	2.371
1810	2.931
1811	3.494
1812	2.738
1813	2.202
1814	2.535
1815	2.14
1816	4.4
1817	2.97
1818	3.305
1819	2.831
1820	2.689
1821	2.598
1822	2.821
1823	2.593
1824	1.649
1825	4.548
1826	4.48
1827	1.82
1828	2.289
1829	2.691
1830	2.788
1831	1.931
1832	1.984
1833	3.36
1834	2.515
1835	2.564
1836	2.91
1837	3.043
1838	1.748
1839	3.67
1840	3.839
1841	3.985
1842	9.31
1843	5.236
1844	2.316
1845	2.879
1846	2.193
1847	4.751
1848	3.028
1849	2.75
1850	4.086
1851	2.394
1852	2.499
1853	2.416
1854	2.506
1855	2.08
1856	2.528
1857	3.198
1858	3.665
1859	2.534
1860	3.193
1861	2.72
1862	3.019
1863	3.358
1864	2.451
1865	4.945
1866	3.88
1867	4.157
1868	3.692
1869	2.634
1870	3.675
1871	3.675
1872	3.677
1873	4.465
1874	3.873
1875	3.806
1876	5.479
1877	3.259
1878	2.151
1879	2.465
1880	2.578
1881	4.237
1882	3.115
1883	3.063
1884	2.22
1885	2.867
1886	3.127
1887	3.107
1888	3.236
1889	3.252
1890	3.944
1891	4.135
1892	3.684
1893	3.539
1894	2.456
1895	3.267
1896	2.262
1897	3.434
1898	2.986
1899	2.454
1900	3.124
1901	2.413
1902	2.602
1903	2.088
1904	2.555
1905	2.304
1906	2.229
1907	2.561
1908	3.178
1909	1.891
1910	2.883
1911	2.313
1912	2.383
1913	2.818
1914	2.708
1915	2.942
1916	2.591
1917	2.776
1918	3.075
1919	2.762
1920	2.207
1921	2.251
1922	2.995
1923	1.924
1924	3.472
1925	3.245
1926	6.382
1927	6.86
1928	3.943
1929	3.25
1930	5.623
1931	6.723
1932	1.854
1933	4.06
1934	3.271
1935	2.251
1936	2.253
1937	3.016
1938	3.039
1939	3.395
1940	2.326
1941	2.352
1942	2.391
1943	1.93
1944	2.505
1945	3.836
1946	2.601
1947	3.63
1948	2.512
1949	3.42
1950	2.541
1951	2.148
1952	3.632
1953	2.75
1954	2.967
1955	2.824
1956	2.784
1957	3.326
1958	2.387
1959	2.541
1960	2.661
1961	2.577
1962	2.397
1963	2.851
1964	2.865
1965	2.837
1966	5.4
1967	2.002
1968	1.955
1969	2.836
1970	5.737
1971	1.333
1972	2.008
1973	3.837
1974	1.698
1975	2.282
1976	2.954
1977	2.391
1978	2.216
1979	2.258
1980	2.745
1981	3.039
1982	2.727
1983	2.587
1984	2.24
1985	4.01
1986	3.141
1987	3.713
1988	3.525
1989	3.302
1990	7.11
1991	9.466
1992	3.843
1993	1.899
1994	3.923
1995	2.243
1996	2.36
1997	2.621
1998	2.445
1999	2.137
2000	2.193
301	183.3
302	182.5
303	183.4
304	187.8
305	188.4
306	183.7
307	186.3
308	183.4
309	181.8
310	182.4
311	182.2
312	188.1
313	179.9
314	180.8
315	180.1
316	181.0
317	179.9
318	180.4
319	180.3
320	181.0
321	180.0
322	184.1
323	186.5
324	180.8
325	180.0
326	184.2
327	180.6
328	179.8
329	180.2
330	182.8
331	182.3
332	181.8
333	181.5
334	184.3
335	185.9
336	187.5
337	183.5
338	182.4
339	182.8
340	182.2
341	181.3
342	181.1
343	180.5
344	183.1
345	181.9
346	179.9
347	183.3
348	181.7
349	181.8
350	179.8
351	180.2
352	181.3
353	179.7
354	181.8
355	180.4
356	180.4
357	180.2
358	180.0
359	179.6
360	180.6
361	181.5
362	180.4
363	180.2
364	179.7
365	180.9
366	180.0
367	184.2
368	180.4
369	181.6
370	180.0
371	181.3
372	180.9
373	188.9
374	184.3
375	179.8
376	180.4
377	180.1
378	180.7
379	182.8
380	180.2
381	180.2
382	183.7
383	180.7
384	180.1
385	182.4
386	182.6
387	180.1
388	180.0
389	185.6
390	182.9
391	189.0
392	191.3
393	190.8
394	189.2
395	180.0
396	180.1
397	180.4
398	183.8
399	181.9
400	184.1
401	181.9
402	186.5
403	180.6
404	183.8
405	181.5
406	180.6
407	183.7
408	181.5
409	180.0
410	185.0
411	181.0
412	184.1
413	184.3
414	183.9
415	184.7
416	182.8
417	184.4
418	182.6
419	181.1
420	181.9
421	181.7
422	183.4
423	185.8
424	181.6
425	183.5
426	182.9
427	182.5
428	182.3
429	179.9
430	179.8
431	180.0
432	182.0
433	181.0
434	181.5
435	180.7
436	180.4
437	180.5
438	180.6
439	182.2
440	182.1
441	180.3
442	183.6
443	180.3
444	179.6
445	180.1
446	183.7
447	181.1
448	181.0
449	183.7
450	184.7
451	188.6
452	187.1
453	180.6
454	186.6
455	180.8
456	182.0
457	181.0
458	183.9
459	181.7
460	185.1
461	181.4
462	183.4
463	180.8
464	180.2
465	180.8
466	179.9
467	183.9
468	180.5
469	180.0
470	180.0
471	180.7
472	180.6
473	179.9
474	180.1
475	180.2
476	181.9
477	180.9
478	181.3
479	180.8
480	181.4
481	180.0
482	181.1
483	183.3
484	181.8
485	180.1
486	181.4
487	181.1
488	180.2
489	180.5
490	184.2
491	185.4
492	180.5
493	180.9
494	181.9
495	180.0
496	184.8
497	183.3
498	181.9
499	181.2
500	181.3
501	183.6
502	179.9
503	181.4
504	180.5
505	180.3
506	180.9
507	182.7
508	181.6
509	182.4
510	182.7
511	180.3
512	180.2
513	180.9
514	180.0
515	179.8
516	179.8
517	179.9
518	180.1
519	180.2
520	187.4
521	181.9
522	179.7
523	180.9
524	180.1
525	183.7
526	190.0
527	188.9
528	184.5
529	185.9
530	188.9
531	182.8
532	180.3
533	180.8
534	185.0
535	181.6
536	184.6
537	182.0
538	184.5
539	181.7
540	185.8
541	191.5
542	180.9
543	181.0
544	180.2
545	179.8
546	180.1
547	183.1
548	185.1
549	182.4
550	181.0
551	180.2
552	180.0
553	182.6
554	183.9
555	184.4
556	183.4
557	183.1
558	180.3
559	179.9
560	180.4
561	181.4
562	181.5
563	181.1
564	180.8
565	180.7
566	185.2
567	179.8
568	180.4
569	180.4
570	180.0
571	180.7
572	182.2
573	183.4
574	187.4
575	184.4
576	180.8
577	180.9
578	180.9
579	182.1
580	180.9
581	180.3
582	182.8
583	181.3
584	183.2
585	182.0
586	186.3
587	179.9
588	181.1
589	183.1
590	181.4
591	180.5
592	184.5
593	180.0
594	180.6
595	180.5
596	180.5
597	182.1
598	180.7
599	180.0
600	179.9
601	180.4
602	180.2
603	181.3
604	182.7
605	180.3
606	182.2
607	181.0
608	181.7
609	180.0
610	183.6
611	180.9
612	183.9
613	182.9
614	187.5
615	184.9
616	180.3
617	179.6
618	180.0
619	182.7
620	180.5
621	182.5
622	182.5
623	180.8
624	181.0
625	180.3
626	182.0
627	181.7
628	182.3
629	180.4
630	182.8
631	186.0
632	189.7
633	184.2
634	184.4
635	181.1
636	181.8
637	180.4
638	179.9
639	180.3
640	185.8
641	181.0
642	186.1
643	187.6
644	182.0
645	182.3
646	184.4
647	184.8
648	184.8
649	184.6
650	181.4
651	180.8
652	182.2
653	182.1
654	180.7
655	180.4
656	181.0
657	180.5
658	181.4
659	182.3
660	179.7
661	180.7
662	180.8
663	181.7
664	189.3
665	182.6
666	181.8
667	181.5
668	182.0
669	181.4
670	185.1
671	181.4
672	180.8
673	181.5
674	180.1
675	180.2
676	182.7
677	182.9
678	181.7
679	181.7
680	182.7
681	185.2
682	180.1
683	180.8
684	180.6
685	181.9
686	188.2
687	187.5
688	185.5
689	183.1
690	181.9
691	179.8
692	181.7
693	182.6
694	182.2
695	179.8
696	180.7
697	179.7
698	181.0
699	179.9
700	181.6
701	184.6
702	180.2
703	180.1
704	182.8
705	181.1
706	181.9
707	185.8
708	181.6
709	182.6
710	181.1
711	182.8
712	182.9
713	180.4
714	181.4
715	183.5
716	180.4
717	180.2
718	180.2
719	179.8
720	180.0
721	180.3
722	180.0
723	180.6
724	181.9
725	185.3
726	180.6
727	184.5
728	180.0
729	180.0
730	180.1
731	181.1
732	183.8
733	181.9
734	179.8
735	180.2
736	179.7
737	181.1
738	183.7
739	182.5
740	180.0
741	180.4
742	180.8
743	181.6
744	184.8
745	183.9
746	181.8
747	183.5
748	181.3
749	179.9
750	180.1
751	185.8
752	186.9
753	190.0
754	181.4
755	180.7
756	180.1
757	181.2
758	183.6
759	184.7
760	182.3
761	183.5
762	182.1
763	184.5
764	179.9
765	181.7
766	181.5
767	181.6
768	184.4
769	186.3
770	181.3
771	180.1
772	179.8
773	180.8
774	182.6
775	180.9
776	181.4
777	180.4
778	181.6
779	182.0
780	182.9
781	181.7
782	183.3
783	184.5
784	187.4
785	180.7
786	181.2
787	179.6
788	180.5
789	179.6
790	180.7
791	179.7
792	180.2
793	184.3
794	181.5
795	181.1
796	181.2
797	183.9
798	185.0
799	179.7
800	180.0
801	180.3
802	180.1
803	180.2
804	182.3
805	180.3
806	179.9
807	180.4
808	183.2
809	184.0
810	181.6
811	179.7
812	183.1
813	182.4
814	183.0
815	182.3
816	180.9
817	180.6
818	180.4
819	182.2
820	181.8
821	182.2
822	180.6
823	180.4
824	180.2
825	184.2
826	184.3
827	181.7
828	181.4
829	181.3
830	185.5
831	182.3
832	180.4
833	180.2
834	180.0
835	180.6
836	182.1
837	181.0
838	181.3
839	183.7
840	182.8
841	184.5
842	183.6
843	182.8
844	181.5
845	181.0
846	182.8
847	183.2
848	180.6
849	180.9
850	181.3
851	181.9
852	182.5
853	182.4
854	185.8
855	181.0
856	180.2
857	179.8
858	182.2
859	184.0
860	179.9
861	180.5
862	180.5
863	180.7
864	182.7
865	180.8
866	179.8
867	182.4
868	180.5
869	181.2
870	180.5
871	186.4
872	185.4
873	181.9
874	179.7
875	179.8
876	180.7
877	182.8
878	183.1
879	180.3
880	179.9
881	180.2
882	183.8
883	180.9
884	180.9
885	180.4
886	182.7
887	183.3
888	184.7
889	181.7
890	185.3
891	182.3
892	182.0
893	181.5
894	180.6
895	180.0
896	180.5
897	183.2
898	180.0
899	179.8
900	182.2
901	185.7
902	180.8
903	180.7
904	180.0
905	179.9
906	186.6
907	182.6
908	183.3
909	180.2
910	181.3
911	185.0
912	188.0
913	184.9
914	187.7
915	186.6
916	185.2
917	187.6
918	181.7
919	182.6
920	183.7
921	186.4
922	184.4
923	180.7
924	180.5
925	180.7
926	181.7
927	180.5
928	180.2
929	182.2
930	184.3
931	183.5
932	184.3
933	184.1
934	182.1
935	181.4
936	180.7
937	183.7
938	181.6
939	182.4
940	183.1
941	185.4
942	180.3
943	180.5
944	182.0
945	180.0
946	179.8
947	181.4
948	180.0
949	180.3
950	181.4
951	180.0
952	179.9
953	185.1
954	180.4
955	180.7
956	181.8
957	181.2
958	181.4
959	183.1
960	183.4
961	181.7
962	181.5
963	181.6
964	180.4
965	180.2
966	183.6
967	181.0
968	181.4
969	181.7
970	180.9
971	180.9
972	180.7
973	181.1
974	180.0
975	185.7
976	182.4
977	181.3
978	181.1
979	180.6
980	180.1
981	180.2
982	181.7
983	180.2
984	181.0
985	181.6
986	181.2
987	180.0
988	181.4
989	181.6
990	181.2
991	180.9
992	180.6
993	180.3
994	181.5
995	181.8
996	182.0
997	182.8
998	181.1
999	181.4
1000	184.3
1001	179.8
1002	181.6
1003	183.0
1004	188.3
1005	189.0
1006	187.1
1007	182.5
1008	182.7
1009	180.7
1010	182.2
1011	180.9
1012	180.5
1013	180.8
1014	181.6
1015	179.6
1016	182.1
1017	185.8
1018	185.3
1019	185.5
1020	180.3
1021	179.9
1022	181.2
1023	180.8
1024	180.1
1025	180.0
1026	181.0
1027	179.8
1028	183.4
1029	187.4
1030	182.1
1031	179.8
1032	180.5
1033	181.6
1034	180.0
1035	181.1
1036	183.1
1037	181.2
1038	180.5
1039	180.8
1040	180.1
1041	179.6
1042	180.6
1043	183.7
1044	185.2
1045	180.7
1046	186.3
1047	189.7
1048	192.6
1049	191.7
1050	190.1
1051	186.0
1052	181.3
1053	181.0
1054	185.7
1055	189.6
1056	188.9
1057	187.4
1058	186.6
1059	188.5
1060	182.6
1061	180.6
1062	183.2
1063	181.3
1064	180.6
1065	181.8
1066	182.0
1067	182.6
1068	181.5
1069	182.7
1070	181.5
1071	183.7
1072	182.2
1073	183.8
1074	180.4
1075	180.3
1076	181.5
1077	181.5
1078	181.0
1079	180.4
1080	180.9
1081	180.2
1082	180.8
1083	180.3
1084	180.6
1085	180.5
1086	180.4
1087	183.5
1088	179.9
1089	183.0
1090	180.0
1091	184.2
1092	180.0
1093	180.6
1094	180.2
1095	179.7
1096	180.2
1097	179.7
1098	180.2
1099	180.4
1100	181.0
1101	183.4
1102	181.4
1103	180.0
1104	181.7
1105	190.1
1106	189.9
1107	179.8
1108	180.3
1109	179.7
1110	181.6
1111	181.1
1112	181.9
1113	182.9
1114	183.5
1115	181.8
1116	187.2
1117	186.6
1118	180.1
1119	180.2
1120	181.0
1121	180.0
1122	179.9
1123	180.8
1124	181.2
1125	182.7
1126	181.3
1127	180.3
1128	180.2
1129	180.4
1130	179.7
1131	181.5
1132	179.6
1133	191.9
1134	190.0
1135	180.6
1136	180.0
1137	180.8
1138	180.2
1139	180.0
1140	184.0
1141	180.3
1142	181.9
1143	182.3
1144	183.6
1145	180.9
1146	182.0
1147	180.7
1148	183.8
1149	182.7
1150	182.8
1151	179.7
1152	180.4
1153	179.7
1154	180.0
1155	180.0
1156	181.1
1157	188.5
1158	181.4
1159	183.6
1160	182.9
1161	183.2
1162	183.0
1163	181.8
1164	183.1
1165	180.1
1166	179.9
1167	179.6
1168	179.9
1169	180.5
1170	181.7
1171	183.7
1172	179.9
1173	180.6
1174	181.9
1175	182.0
1176	180.8
1177	182.6
1178	180.5
1179	179.9
1180	180.0
1181	179.9
1182	179.8
1183	180.7
1184	180.1
1185	180.5
1186	194.0
1187	181.2
1188	183.8
1189	182.5
1190	179.8
1191	180.5
1192	180.3
1193	181.4
1194	179.6
1195	179.9
1196	181.5
1197	181.6
1198	181.6
1199	181.1
1200	180.8
1201	181.7
1202	181.3
1203	182.6
1204	181.5
1205	180.7
1206	180.0
1207	180.1
1208	180.3
1209	182.3
1210	182.1
1211	180.2
1212	182.9
1213	181.9
1214	182.3
1215	181.6
1216	180.6
1217	180.2
1218	181.1
1219	182.4
1220	181.6
1221	180.2
1222	179.9
1223	180.8
1224	181.6
1225	180.4
1226	182.1
1227	179.8
1228	187.2
1229	183.0
1230	184.8
1231	185.9
1232	183.5
1233	181.1
1234	182.6
1235	181.1
1236	181.3
1237	185.7
1238	179.6
1239	179.7
1240	180.3
1241	182.9
1242	181.1
1243	187.4
1244	188.6
1245	183.6
1246	184.1
1247	182.7
1248	182.8
1249	182.5
1250	182.1
1251	181.9
1252	182.1
1253	180.4
1254	180.7
1255	183.6
1256	182.8
1257	183.5
1258	183.2
1259	181.2
1260	180.1
1261	182.7
1262	186.5
1263	188.7
1264	187.7
1265	188.3
1266	182.5
1267	182.4
1268	182.7
1269	183.7
1270	183.4
1271	180.5
1272	185.5
1273	185.3
1274	181.3
1275	181.0
1276	180.3
1277	180.3
1278	180.0
1279	179.8
1280	180.1
1281	186.9
1282	182.3
1283	180.6
1284	179.9
1285	185.6
1286	183.5
1287	187.2
1288	182.0
1289	182.1
1290	182.8
1291	180.9
1292	182.1
1293	181.8
1294	181.3
1295	180.8
1296	180.3
1297	188.7
1298	186.7
1299	180.8
1300	181.2
1301	180.6
1302	182.8
1303	183.5
1304	183.5
1305	185.2
1306	182.8
1307	187.6
1308	180.8
1309	180.0
1310	180.4
1311	179.8
1312	179.8
1313	179.8
1314	182.0
1315	181.3
1316	180.0
1317	180.5
1318	183.3
1319	180.0
1320	184.3
1321	188.5
1322	180.1
1323	180.6
1324	180.1
1325	181.2
1326	180.4
1327	180.2
1328	180.2
1329	180.7
1330	181.6
1331	180.0
1332	180.1
1333	181.6
1334	181.4
1335	185.3
1336	182.5
1337	180.9
1338	180.4
1339	180.7
1340	180.3
1341	181.2
1342	180.1
1343	180.3
1344	180.0
1345	179.9
1346	180.0
1347	183.4
1348	186.1
1349	181.3
1350	180.1
1351	182.2
1352	181.2
1353	180.4
1354	180.7
1355	187.0
1356	185.7
1357	181.0
1358	181.7
1359	179.8
1360	179.7
1361	186.3
1362	180.7
1363	180.3
1364	183.5
1365	181.2
1366	180.0
1367	180.0
1368	179.9
1369	181.5
1370	184.3
1371	180.4
1372	189.2
1373	183.8
1374	181.5
1375	182.1
1376	179.8
1377	181.6
1378	180.8
1379	179.9
1380	179.8
1381	180.2
1382	181.9
1383	179.9
1384	179.9
1385	180.4
1386	180.4
1387	179.8
1388	180.8
1389	179.9
1390	180.6
1391	182.0
1392	180.1
1393	184.1
1394	180.4
1395	179.7
1396	180.3
1397	181.0
1398	180.9
1399	180.3
1400	180.6
1401	182.4
1402	183.5
1403	180.3
1404	186.4
1405	188.0
1406	190.7
1407	185.8
1408	185.5
1409	182.8
1410	180.4
1411	183.7
1412	181.9
1413	185.9
1414	181.2
1415	182.3
1416	183.6
1417	184.3
1418	186.9
1419	180.6
1420	182.6
1421	181.0
1422	183.1
1423	184.9
1424	186.5
1425	182.1
1426	186.6
1427	180.8
1428	180.4
1429	184.8
1430	183.1
1431	180.3
1432	181.1
1433	180.2
1434	184.1
1435	182.8
1436	181.9
1437	180.9
1438	180.2
1439	182.6
1440	183.4
1441	180.2
1442	180.2
1443	180.5
1444	183.3
1445	184.2
1446	182.9
1447	183.0
1448	180.2
1449	180.2
1450	181.0
1451	184.1
1452	185.2
1453	184.8
1454	188.6
1455	188.2
1456	182.9
1457	180.0
1458	180.7
1459	181.6
1460	179.8
1461	179.8
1462	180.6
1463	186.1
1464	188.5
1465	180.8
1466	181.9
1467	185.4
1468	181.3
1469	186.0
1470	181.4
1471	182.6
1472	183.9
1473	182.6
1474	180.3
1475	183.3
1476	180.6
1477	179.7
1478	181.8
1479	182.6
1480	185.9
1481	187.3
1482	187.3
1483	184.5
1484	183.5
1485	184.7
1486	186.5
1487	181.1
1488	180.6
1489	181.5
1490	183.0
1491	180.1
1492	182.2
1493	182.4
1494	179.7
1495	180.0
1496	183.3
1497	182.6
1498	181.7
1499	180.2
1500	181.4
1501	181.2
1502	180.2
1503	179.8
1504	183.7
1505	180.0
1506	179.9
1507	181.6
1508	181.7
1509	182.0
1510	183.3
1511	188.0
1512	181.7
1513	188.5
1514	188.7
1515	183.8
1516	182.5
1517	182.2
1518	180.4
1519	182.6
1520	179.9
1521	180.4
1522	184.2
1523	187.3
1524	183.4
1525	180.0
1526	181.4
1527	181.3
1528	180.8
1529	181.2
1530	180.8
1531	180.7
1532	180.2
1533	181.9
1534	180.5
1535	179.8
1536	184.0
1537	185.0
1538	180.6
1539	181.2
1540	182.9
1541	182.7
1542	183.7
1543	183.2
1544	185.6
1545	181.2
1546	182.6
1547	184.2
1548	182.8
1549	182.8
1550	187.0
1551	181.3
1552	181.8
1553	185.6
1554	185.2
1555	183.5
1556	180.6
1557	180.4
1558	180.1
1559	179.8
1560	179.7
1561	180.3
1562	180.9
1563	182.2
1564	183.3
1565	180.5
1566	181.3
1567	180.9
1568	179.7
1569	181.1
1570	180.9
1571	180.0
1572	180.5
1573	188.3
1574	186.6
1575	185.2
1576	182.2
1577	186.1
1578	184.8
1579	181.1
1580	180.2
1581	179.9
1582	183.2
1583	182.3
1584	181.1
1585	180.9
1586	181.7
1587	181.4
1588	182.1
1589	183.0
1590	182.1
1591	183.3
1592	182.2
1593	181.7
1594	180.1
1595	180.5
1596	180.0
1597	180.2
1598	180.0
1599	181.2
1600	180.3
1601	184.2
1602	182.1
1603	182.0
1604	184.5
1605	187.1
1606	179.6
1607	179.6
1608	183.5
1609	183.4
1610	183.7
1611	179.8
1612	181.4
1613	180.5
1614	185.7
1615	181.7
1616	181.7
1617	182.9
1618	180.9
1619	180.3
1620	180.3
1621	180.4
1622	179.8
1623	180.6
1624	179.8
1625	180.6
1626	181.1
1627	183.5
1628	181.4
1629	180.6
1630	179.9
1631	180.9
1632	179.7
1633	181.3
1634	181.6
1635	182.8
1636	181.6
1637	183.3
1638	179.9
1639	180.8
1640	180.6
1641	182.2
1642	180.2
1643	182.6
1644	182.7
1645	183.6
1646	182.1
1647	185.3
1648	186.0
1649	180.2
1650	180.8
1651	180.5
1652	180.2
1653	181.4
1654	179.9
1655	180.0
1656	180.7
1657	181.3
1658	182.2
1659	181.1
1660	184.7
1661	181.2
1662	180.7
1663	183.2
1664	180.3
1665	180.3
1666	182.7
1667	181.8
1668	181.4
1669	181.6
1670	181.6
1671	180.5
1672	181.6
1673	180.7
1674	180.3
1675	183.7
1676	181.2
1677	182.3
1678	180.5
1679	180.4
1680	180.3
1681	180.0
1682	182.0
1683	180.5
1684	180.6
1685	180.6
1686	180.6
1687	181.3
1688	183.8
1689	180.7
1690	180.3
1691	179.8
1692	180.4
1693	185.2
1694	181.0
1695	182.0
1696	182.6
1697	179.9
1698	186.7
1699	186.6
1700	186.5
1701	183.1
1702	181.2
1703	181.4
1704	179.9
1705	180.5
1706	180.8
1707	180.0
1708	183.1
1709	181.4
1710	180.9
1711	181.9
1712	180.1
1713	182.2
1714	182.4
1715	184.0
1716	182.3
1717	187.0
1718	184.1
1719	181.9
1720	182.8
1721	180.7
1722	180.1
1723	180.0
1724	180.6
1725	180.9
1726	181.3
1727	181.9
1728	180.4
1729	179.7
1730	179.7
1731	179.8
1732	187.0
1733	188.4
1734	188.4
1735	187.5
1736	185.0
1737	188.5
1738	181.5
1739	179.9
1740	180.0
1741	180.2
1742	180.2
1743	183.3
1744	179.7
1745	179.7
1746	185.1
1747	184.4
1748	179.9
1749	180.5
1750	181.2
1751	184.8
1752	184.2
1753	180.6
1754	183.3
1755	182.6
1756	182.2
1757	179.9
1758	180.7
1759	183.3
1760	182.3
1761	186.2
1762	187.3
1763	183.8
1764	184.8
1765	185.0
1766	185.2
1767	183.9
1768	179.6
1769	186.0
1770	186.5
1771	185.7
1772	180.5
1773	183.1
1774	181.7
1775	180.9
1776	183.2
1777	182.7
1778	183.0
1779	183.8
1780	185.5
1781	183.4
1782	182.9
1783	188.7
1784	182.0
1785	182.4
1786	182.3
1787	180.5
1788	180.8
1789	179.9
1790	179.9
1791	181.2
1792	181.4
1793	180.0
1794	182.5
1795	180.3
1796	182.0
1797	181.3
1798	181.0
1799	181.5
1800	184.7
1801	181.6
1802	180.5
1803	180.3
1804	181.0
1805	180.2
1806	179.7
1807	180.2
1808	180.2
1809	180.3
1810	180.2
1811	181.6
1812	180.0
1813	185.2
1814	180.5
1815	181.6
1816	184.4
1817	180.1
1818	181.6
1819	180.0
1820	179.8
1821	179.9
1822	179.8
1823	186.8
1824	188.1
1825	185.3
1826	184.3
1827	185.3
1828	183.0
1829	180.8
1830	180.0
1831	181.5
1832	186.5
1833	185.6
1834	180.3
1835	180.8
1836	180.9
1837	184.3
1838	183.8
1839	183.8
1840	182.7
1841	183.5
1842	188.5
1843	185.8
1844	180.4
1845	184.5
1846	182.0
1847	185.1
1848	188.1
1849	180.3
1850	189.2
1851	191.2
1852	191.6
1853	184.2
1854	181.9
1855	181.1
1856	180.2
1857	181.7
1858	182.0
1859	179.9
1860	180.6
1861	179.8
1862	180.2
1863	180.9
1864	182.5
1865	185.6
1866	182.5
1867	183.7
1868	181.8
1869	180.0
1870	181.8
1871	185.8
1872	189.5
1873	190.3
1874	183.6
1875	182.4
1876	186.6
1877	180.7
1878	183.8
1879	179.7
1880	179.8
1881	183.5
1882	184.7
1883	180.4
1884	180.5
1885	180.1
1886	180.9
1887	180.4
1888	181.7
1889	180.7
1890	182.2
1891	184.1
1892	184.6
1893	181.4
1894	184.2
1895	180.7
1896	180.3
1897	181.3
1898	180.4
1899	180.1
1900	180.3
1901	180.0
1902	180.1
1903	180.8
1904	180.0
1905	180.7
1906	181.9
1907	179.6
1908	180.5
1909	182.5
1910	179.9
1911	180.5
1912	180.5
1913	180.5
1914	179.8
1915	180.4
1916	180.1
1917	180.8
1918	180.6
1919	179.8
1920	180.5
1921	180.0
1922	180.4
1923	181.8
1924	182.1
1925	183.1
1926	190.9
1927	189.3
1928	182.3
1929	180.9
1930	186.7
1931	188.2
1932	182.2
1933	183.3
1934	181.6
1935	180.1
1936	182.0
1937	182.2
1938	182.5
1939	180.9
1940	180.2
1941	180.3
1942	181.3
1943	182.0
1944	179.6
1945	182.6
1946	179.9
1947	181.6
1948	183.7
1949	181.2
1950	180.0
1951	181.6
1952	181.8
1953	179.8
1954	180.9
1955	180.5
1956	180.6
1957	182.1
1958	181.2
1959	179.9
1960	180.4
1961	180.1
1962	181.0
1963	180.7
1964	180.0
1965	180.4
1966	186.3
1967	181.6
1968	181.8
1969	184.4
1970	186.1
1971	187.7
1972	184.2
1973	185.3
1974	183.2
1975	179.9
1976	180.5
1977	182.2
1978	180.7
1979	180.6
1980	179.9
1981	180.3
1982	180.4
1983	179.9
1984	180.2
1985	186.8
1986	187.1
1987	186.4
1988	186.2
1989	184.9
1990	187.9
1991	187.9
1992	182.6
1993	181.7
1994	182.9
1995	180.7
1996	180.2
1997	179.9
1998	180.1
1999	180.9
2000	181.3
