301	8.076
302	21.17
303	22.47
304	2.862
305	14.96
306	10.56
307	20.03
308	21.22
309	8.913
310	5.709
311	1.561
312	3.749
313	17.45
314	1.946
315	9.156
316	22.0
317	1.91
318	0.1298
319	16.11
320	11.68
321	1.669
322	4.741
323	14.53
324	9.216
325	6.545
326	12.71
327	5.084
328	3.149
329	4.639
330	2.721
331	16.02
332	14.07
333	13.63
334	11.73
335	5.954
336	21.73
337	3.592
338	22.23
339	1.437
340	16.98
341	11.82
342	15.64
343	10.19
344	18.44
345	18.39
346	3.076
347	21.99
348	4.245
349	16.54
350	4.535
351	10.87
352	14.6
353	2.799
354	22.62
355	6.348
356	18.04
357	17.14
358	1.771
359	14.22
360	4.642
361	1.816
362	21.67
363	19.5
364	2.435
365	21.08
366	7.742
367	2.835
368	3.072
369	19.48
370	11.74
371	1.522
372	11.66
373	5.615
374	14.5
375	4.602
376	19.82
377	15.85
378	13.95
379	7.021
380	0.839
381	6.79
382	0.2395
383	7.914
384	17.21
385	5.306
386	7.243
387	5.064
388	13.6
389	9.272
390	19.9
391	6.845
392	21.78
393	14.45
394	20.56
395	22.44
396	13.82
397	23.22
398	8.158
399	5.351
400	19.98
401	10.54
402	19.89
403	17.97
404	15.3
405	17.19
406	2.604
407	7.521
408	21.32
409	6.591
410	4.389
411	15.57
412	17.58
413	5.93
414	8.753
415	9.974
416	18.85
417	20.27
418	23.7
419	11.02
420	6.747
421	23.43
422	14.41
423	10.11
424	3.106
425	9.163
426	22.69
427	4.663
428	12.96
429	4.384
430	18.26
431	8.812
432	13.73
433	4.55
434	12.12
435	14.82
436	3.063
437	12.6
438	12.17
439	10.36
440	12.34
441	17.66
442	2.33
443	22.88
444	0.8307
445	14.95
446	15.97
447	9.734
448	22.12
449	7.13
450	1.647
451	10.41
452	23.38
453	18.74
454	23.57
455	19.14
456	7.764
457	15.62
458	21.13
459	8.418
460	0.1874
461	15.14
462	10.13
463	10.25
464	5.617
465	15.21
466	22.24
467	21.6
468	17.29
469	17.52
470	2.937
471	0.6819
472	17.08
473	17.55
474	17.26
475	12.07
476	11.26
477	6.232
478	4.948
479	19.29
480	22.27
481	12.14
482	15.99
483	17.39
484	22.19
485	6.035
486	9.493
487	13.68
488	0.7211
489	3.761
490	13.89
491	23.85
492	22.18
493	20.49
494	14.82
495	13.71
496	11.51
497	13.14
498	6.747
499	9.102
500	15.73
501	7.521
502	1.874
503	7.886
504	13.16
505	7.502
506	6.233
507	19.75
508	4.818
509	2.681
510	20.57
511	4.96
512	18.21
513	11.05
514	6.773
515	18.44
516	12.92
517	2.552
518	9.582
519	8.429
520	10.03
521	19.4
522	14.08
523	6.644
524	13.37
525	6.984
526	16.77
527	7.188
528	5.43
529	1.211
530	18.31
531	20.41
532	8.234
533	10.68
534	1.444
535	0.09188
536	8.184
537	18.82
538	2.034
539	15.82
540	22.9
541	5.885
542	12.88
543	5.768
544	12.33
545	12.79
546	17.65
547	19.43
548	8.814
549	17.88
550	17.01
551	11.74
552	18.54
553	3.794
554	14.34
555	9.076
556	16.73
557	21.26
558	17.45
559	21.46
560	14.7
561	11.9
562	17.44
563	13.45
564	9.669
565	3.076
566	12.26
567	2.622
568	5.669
569	19.27
570	21.02
571	9.905
572	19.05
573	20.57
574	18.35
575	2.736
576	20.3
577	9.755
578	17.15
579	5.768
580	3.37
581	21.62
582	9.851
583	18.07
584	6.262
585	15.33
586	18.32
587	15.7
588	0.4741
589	15.56
590	14.15
591	2.867
592	1.839
593	16.73
594	9.988
595	17.65
596	8.11
597	5.884
598	1.486
599	16.44
600	2.512
601	11.5
602	14.98
603	4.637
604	5.61
605	9.695
606	18.55
607	2.925
608	22.06
609	4.637
610	21.66
611	9.784
612	19.54
613	11.01
614	23.48
615	12.1
616	2.417
617	2.876
618	2.443
619	11.26
620	5.112
621	12.53
622	0.7434
623	17.56
624	15.19
625	4.852
626	14.6
627	5.246
628	0.6193
629	15.37
630	18.85
631	15.18
632	5.068
633	6.253
634	14.93
635	4.576
636	22.51
637	9.662
638	20.67
639	17.64
640	20.82
641	14.94
642	23.65
643	9.004
644	12.79
645	0.8032
646	4.154
647	6.51
648	4.551
649	6.799
650	12.05
651	19.56
652	0.1467
653	4.291
654	18.44
655	1.908
656	14.82
657	19.39
658	2.154
659	2.335
660	16.35
661	0.4727
662	1.034
663	3.597
664	4.168
665	20.91
666	16.2
667	10.68
668	6.65
669	18.19
670	1.507
671	4.113
672	23.01
673	23.06
674	14.98
675	11.82
676	17.47
677	1.128
678	11.66
679	16.11
680	22.87
681	21.05
682	19.36
683	17.63
684	2.019
685	0.01981
686	3.821
687	15.24
688	12.88
689	17.62
690	11.5
691	12.8
692	21.96
693	8.302
694	4.027
695	10.96
696	22.73
697	21.02
698	9.137
699	1.125
700	0.3784
701	15.5
702	1.222
703	11.06
704	4.506
705	9.464
706	2.367
707	17.8
708	7.654
709	6.314
710	5.89
711	5.488
712	3.402
713	4.602
714	4.071
715	19.4
716	0.6752
717	9.439
718	8.097
719	4.585
720	10.59
721	7.377
722	19.73
723	6.665
724	4.112
725	12.69
726	19.28
727	11.12
728	9.196
729	18.25
730	3.012
731	19.71
732	7.332
733	5.75
734	2.307
735	20.07
736	14.31
737	17.8
738	14.06
739	3.07
740	10.54
741	21.8
742	0.9562
743	2.91
744	14.04
745	9.137
746	20.4
747	13.99
748	3.334
749	13.83
750	22.6
751	0.4728
752	22.64
753	16.8
754	12.81
755	19.02
756	16.35
757	5.844
758	9.851
759	13.95
760	19.41
761	20.0
762	0.4932
763	14.31
764	5.521
765	13.96
766	0.6537
767	13.41
768	23.11
769	1.499
770	8.118
771	8.59
772	5.958
773	17.37
774	9.726
775	6.897
776	8.903
777	16.05
778	21.45
779	12.16
780	7.889
781	14.89
782	11.64
783	1.801
784	20.64
785	23.15
786	11.34
787	23.85
788	5.929
789	0.1276
790	4.181
791	12.36
792	12.95
793	11.58
794	16.1
795	16.38
796	1.695
797	0.7996
798	23.17
799	4.437
800	20.45
801	14.1
802	16.65
803	2.036
804	13.25
805	15.35
806	19.79
807	18.68
808	7.585
809	14.31
810	16.92
811	7.18
812	1.72
813	9.243
814	7.81
815	1.666
816	3.691
817	6.532
818	12.49
819	22.24
820	0.6495
821	18.98
822	23.89
823	5.596
824	12.87
825	9.423
826	19.06
827	22.56
828	1.921
829	4.829
830	8.451
831	7.579
832	19.93
833	9.101
834	12.76
835	11.18
836	6.27
837	18.82
838	8.984
839	23.32
840	12.81
841	16.23
842	2.523
843	7.704
844	20.27
845	8.168
846	5.701
847	4.611
848	4.163
849	12.61
850	15.39
851	15.26
852	2.567
853	9.627
854	8.002
855	5.292
856	16.35
857	17.23
858	15.64
859	2.191
860	20.14
861	16.12
862	20.72
863	21.65
864	1.944
865	12.1
866	3.492
867	15.67
868	21.82
869	16.15
870	8.282
871	22.65
872	2.196
873	16.94
874	5.036
875	22.58
876	12.67
877	14.38
878	22.47
879	19.6
880	1.853
881	6.645
882	2.785
883	19.9
884	12.03
885	22.92
886	22.47
887	7.532
888	8.201
889	21.6
890	22.33
891	11.03
892	6.09
893	10.77
894	6.835
895	2.06
896	10.7
897	3.323
898	17.52
899	0.3876
900	6.786
901	10.86
902	23.16
903	13.83
904	22.52
905	0.03607
906	6.279
907	17.54
908	22.34
909	6.478
910	11.27
911	5.187
912	13.24
913	15.7
914	16.12
915	6.472
916	21.17
917	21.03
918	0.2033
919	11.88
920	14.97
921	12.34
922	10.25
923	1.505
924	4.282
925	6.316
926	14.05
927	21.58
928	1.718
929	11.04
930	1.889
931	23.61
932	7.037
933	23.59
934	10.15
935	15.41
936	16.69
937	10.77
938	4.685
939	4.033
940	16.09
941	14.61
942	13.61
943	12.79
944	4.934
945	20.69
946	18.83
947	4.789
948	2.266
949	23.14
950	1.424
951	14.58
952	0.4238
953	9.312
954	12.85
955	10.63
956	19.67
957	10.54
958	22.92
959	16.39
960	4.681
961	17.65
962	5.464
963	8.485
964	3.259
965	22.27
966	7.022
967	0.8077
968	6.762
969	6.056
970	20.11
971	16.88
972	7.374
973	12.14
974	2.13
975	22.98
976	13.02
977	21.25
978	0.6952
979	10.2
980	14.01
981	7.814
982	19.07
983	20.51
984	12.15
985	23.47
986	11.26
987	19.75
988	11.42
989	16.62
990	5.741
991	1.797
992	14.73
993	6.803
994	20.18
995	17.0
996	8.422
997	18.36
998	7.133
999	2.151
1000	7.958
1001	9.416
1002	7.849
1003	15.26
1004	4.441
1005	8.855
1006	6.149
1007	13.02
1008	13.38
1009	8.94
1010	12.41
1011	14.53
1012	9.041
1013	2.907
1014	20.27
1015	14.16
1016	21.09
1017	9.241
1018	20.83
1019	4.248
1020	13.63
1021	0.4678
1022	8.698
1023	13.52
1024	6.541
1025	7.775
1026	10.79
1027	8.884
1028	20.39
1029	12.29
1030	23.48
1031	6.496
1032	12.93
1033	3.94
1034	17.07
1035	6.577
1036	14.35
1037	16.9
1038	20.9
1039	12.15
1040	22.47
1041	12.19
1042	10.14
1043	0.7709
1044	13.43
1045	4.071
1046	17.92
1047	21.0
1048	5.697
1049	10.8
1050	14.39
1051	1.544
1052	0.0404
1053	9.144
1054	1.975
1055	20.66
1056	7.404
1057	21.95
1058	4.508
1059	8.604
1060	18.07
1061	14.2
1062	13.98
1063	14.04
1064	4.279
1065	20.66
1066	10.09
1067	17.61
1068	8.179
1069	9.221
1070	8.69
1071	5.377
1072	1.79
1073	14.31
1074	12.04
1075	14.35
1076	11.75
1077	0.9791
1078	12.68
1079	0.1335
1080	8.743
1081	8.486
1082	22.75
1083	11.29
1084	15.39
1085	2.918
1086	21.32
1087	1.689
1088	18.41
1089	17.06
1090	19.91
1091	12.86
1092	20.48
1093	8.696
1094	21.46
1095	13.63
1096	4.136
1097	8.691
1098	16.49
1099	20.88
1100	22.48
1101	3.201
1102	4.22
1103	6.18
1104	21.11
1105	23.12
1106	10.44
1107	18.11
1108	9.197
1109	8.495
1110	1.704
1111	22.73
1112	19.48
1113	20.98
1114	22.7
1115	14.48
1116	8.813
1117	22.1
1118	16.19
1119	20.55
1120	16.5
1121	16.18
1122	11.54
1123	14.9
1124	10.78
1125	20.49
1126	0.4338
1127	12.61
1128	0.8895
1129	10.56
1130	7.904
1131	14.18
1132	15.21
1133	0.8981
1134	23.97
1135	16.68
1136	4.869
1137	19.81
1138	15.36
1139	8.04
1140	0.2377
1141	1.389
1142	10.52
1143	16.7
1144	13.66
1145	13.1
1146	22.17
1147	9.185
1148	16.24
1149	16.47
1150	19.14
1151	2.691
1152	15.4
1153	20.91
1154	6.162
1155	0.3286
1156	0.1983
1157	13.23
1158	0.6982
1159	9.676
1160	7.919
1161	7.403
1162	6.212
1163	17.88
1164	10.58
1165	11.81
1166	16.86
1167	2.371
1168	20.12
1169	18.2
1170	19.67
1171	17.31
1172	5.544
1173	9.024
1174	9.025
1175	18.17
1176	12.27
1177	20.69
1178	14.43
1179	16.93
1180	0.9129
1181	8.026
1182	4.703
1183	8.404
1184	17.37
1185	0.3427
1186	21.83
1187	10.08
1188	18.61
1189	5.49
1190	9.78
1191	4.159
1192	13.88
1193	14.89
1194	17.65
1195	19.51
1196	6.668
1197	21.92
1198	6.866
1199	21.16
1200	2.499
1201	21.19
1202	23.14
1203	9.629
1204	5.365
1205	3.967
1206	14.81
1207	10.16
1208	20.51
1209	22.83
1210	18.18
1211	22.88
1212	21.6
1213	16.72
1214	13.35
1215	1.108
1216	9.204
1217	11.58
1218	0.5897
1219	10.66
1220	22.05
1221	11.62
1222	2.296
1223	23.39
1224	6.464
1225	4.041
1226	8.496
1227	4.352
1228	14.49
1229	15.23
1230	10.35
1231	7.814
1232	2.154
1233	17.8
1234	23.74
1235	7.937
1236	20.15
1237	1.278
1238	11.45
1239	7.186
1240	19.33
1241	2.636
1242	0.5206
1243	6.839
1244	2.856
1245	15.58
1246	5.482
1247	6.926
1248	22.48
1249	22.15
1250	18.51
1251	13.29
1252	14.79
1253	12.84
1254	16.4
1255	22.77
1256	5.499
1257	15.48
1258	3.244
1259	23.35
1260	7.725
1261	3.186
1262	13.39
1263	11.17
1264	14.58
1265	13.07
1266	12.0
1267	19.43
1268	6.277
1269	2.314
1270	3.58
1271	8.126
1272	23.94
1273	10.99
1274	16.32
1275	9.748
1276	0.3502
1277	6.863
1278	16.1
1279	14.09
1280	4.55
1281	12.94
1282	13.1
1283	2.165
1284	6.067
1285	10.16
1286	18.39
1287	21.23
1288	14.64
1289	19.38
1290	15.32
1291	17.17
1292	3.626
1293	1.679
1294	22.81
1295	15.5
1296	18.24
1297	23.32
1298	4.676
1299	15.43
1300	20.3
1301	1.562
1302	0.9506
1303	9.29
1304	6.315
1305	5.26
1306	17.43
1307	12.83
1308	18.82
1309	5.86
1310	0.7684
1311	13.89
1312	10.99
1313	11.09
1314	0.8023
1315	9.508
1316	23.28
1317	5.64
1318	12.19
1319	14.82
1320	17.18
1321	14.3
1322	23.54
1323	0.1347
1324	6.499
1325	21.54
1326	7.651
1327	11.02
1328	14.76
1329	12.69
1330	14.35
1331	10.17
1332	0.9857
1333	12.04
1334	6.205
1335	0.02414
1336	9.796
1337	20.14
1338	11.36
1339	12.35
1340	20.35
1341	20.7
1342	12.13
1343	15.42
1344	22.42
1345	8.834
1346	18.33
1347	15.62
1348	13.52
1349	8.174
1350	11.38
1351	18.02
1352	0.9388
1353	19.14
1354	7.462
1355	21.01
1356	18.03
1357	8.601
1358	4.398
1359	20.18
1360	4.522
1361	22.44
1362	4.071
1363	5.127
1364	8.118
1365	4.654
1366	0.8914
1367	1.559
1368	0.5021
1369	22.18
1370	21.2
1371	8.296
1372	23.75
1373	21.12
1374	9.091
1375	15.29
1376	7.049
1377	17.42
1378	1.372
1379	23.0
1380	12.61
1381	20.47
1382	11.95
1383	23.1
1384	18.66
1385	7.78
1386	12.49
1387	9.826
1388	9.687
1389	15.96
1390	13.55
1391	19.52
1392	4.491
1393	5.83
1394	22.35
1395	12.07
1396	6.266
1397	22.35
1398	13.35
1399	3.551
1400	12.1
1401	15.1
1402	15.55
1403	0.04581
1404	13.02
1405	12.12
1406	2.07
1407	18.16
1408	8.518
1409	1.727
1410	7.308
1411	5.927
1412	5.593
1413	13.48
1414	9.996
1415	9.554
1416	7.624
1417	2.377
1418	23.45
1419	14.52
1420	8.345
1421	19.68
1422	20.16
1423	3.821
1424	2.733
1425	0.07369
1426	4.412
1427	14.01
1428	10.17
1429	5.649
1430	12.83
1431	19.95
1432	18.84
1433	22.75
1434	6.74
1435	22.2
1436	7.062
1437	12.54
1438	6.521
1439	14.21
1440	17.14
1441	18.13
1442	5.433
1443	20.73
1444	13.61
1445	0.036
1446	4.148
1447	0.5664
1448	1.655
1449	20.71
1450	4.413
1451	7.682
1452	22.41
1453	9.301
1454	9.728
1455	11.34
1456	10.35
1457	15.56
1458	6.505
1459	2.615
1460	22.62
1461	20.84
1462	3.446
1463	7.591
1464	22.69
1465	14.78
1466	4.865
1467	22.41
1468	18.53
1469	2.238
1470	11.63
1471	17.32
1472	16.28
1473	14.79
1474	16.87
1475	8.491
1476	14.78
1477	9.013
1478	10.35
1479	2.743
1480	6.991
1481	19.99
1482	13.1
1483	0.02479
1484	13.41
1485	4.245
1486	12.9
1487	17.92
1488	12.29
1489	0.3699
1490	7.692
1491	22.38
1492	3.964
1493	10.88
1494	2.951
1495	10.82
1496	0.2564
1497	9.685
1498	21.06
1499	6.066
1500	20.6
1501	8.318
1502	1.135
1503	2.948
1504	12.78
1505	11.65
1506	16.44
1507	9.405
1508	7.626
1509	21.93
1510	16.18
1511	13.53
1512	0.9634
1513	20.59
1514	19.62
1515	6.118
1516	11.15
1517	2.069
1518	8.524
1519	6.304
1520	17.0
1521	12.66
1522	3.057
1523	0.2659
1524	11.33
1525	0.2104
1526	10.23
1527	10.52
1528	20.17
1529	8.978
1530	11.02
1531	1.446
1532	22.57
1533	14.9
1534	14.48
1535	4.328
1536	15.19
1537	21.05
1538	1.827
1539	4.429
1540	15.39
1541	6.942
1542	3.413
1543	9.578
1544	8.711
1545	12.16
1546	8.959
1547	14.3
1548	13.21
1549	7.089
1550	7.96
1551	22.33
1552	5.611
1553	8.254
1554	15.73
1555	15.48
1556	16.14
1557	17.42
1558	18.98
1559	13.42
1560	18.09
1561	6.396
1562	3.883
1563	13.65
1564	7.234
1565	12.88
1566	9.563
1567	20.37
1568	8.025
1569	15.37
1570	11.56
1571	7.568
1572	12.0
1573	18.46
1574	11.08
1575	21.49
1576	13.91
1577	7.286
1578	13.23
1579	17.37
1580	19.7
1581	20.59
1582	5.39
1583	15.05
1584	3.523
1585	3.31
1586	19.92
1587	2.101
1588	5.812
1589	2.082
1590	6.325
1591	10.41
1592	5.952
1593	22.95
1594	3.799
1595	2.753
1596	6.075
1597	0.8739
1598	0.005697
1599	7.742
1600	13.79
1601	14.33
1602	6.91
1603	0.7902
1604	16.45
1605	4.11
1606	1.789
1607	19.75
1608	23.96
1609	13.49
1610	13.53
1611	23.16
1612	10.49
1613	7.635
1614	6.095
1615	10.34
1616	10.29
1617	22.99
1618	19.19
1619	14.13
1620	5.011
1621	2.026
1622	11.04
1623	1.766
1624	13.8
1625	5.935
1626	6.099
1627	22.52
1628	16.97
1629	18.95
1630	17.69
1631	20.13
1632	20.52
1633	14.96
1634	3.705
1635	15.45
1636	10.81
1637	12.84
1638	4.872
1639	13.92
1640	16.44
1641	2.234
1642	19.76
1643	0.3793
1644	1.688
1645	3.678
1646	21.98
1647	23.6
1648	15.62
1649	7.771
1650	4.885
1651	20.9
1652	18.48
1653	1.442
1654	7.741
1655	1.578
1656	13.7
1657	23.3
1658	13.65
1659	22.01
1660	15.15
1661	10.94
1662	0.4167
1663	3.708
1664	10.78
1665	23.14
1666	9.056
1667	6.535
1668	21.7
1669	23.22
1670	7.825
1671	8.072
1672	17.05
1673	10.68
1674	18.81
1675	6.433
1676	20.47
1677	17.25
1678	8.414
1679	20.47
1680	21.89
1681	12.08
1682	21.89
1683	15.11
1684	7.607
1685	13.94
1686	16.4
1687	15.19
1688	22.62
1689	19.91
1690	15.74
1691	17.07
1692	9.766
1693	20.25
1694	14.21
1695	6.347
1696	10.44
1697	17.54
1698	19.47
1699	9.402
1700	20.71
1701	6.637
1702	13.88
1703	23.03
1704	15.72
1705	11.82
1706	10.07
1707	6.298
1708	4.076
1709	20.08
1710	22.89
1711	11.16
1712	0.8424
1713	17.79
1714	23.38
1715	16.2
1716	12.51
1717	17.16
1718	4.439
1719	16.88
1720	0.626
1721	16.6
1722	1.355
1723	17.59
1724	17.61
1725	5.863
1726	11.91
1727	1.011
1728	10.81
1729	21.21
1730	10.38
1731	12.02
1732	16.29
1733	18.17
1734	2.26
1735	18.7
1736	16.01
1737	6.067
1738	13.01
1739	16.89
1740	18.02
1741	4.58
1742	18.25
1743	22.52
1744	8.303
1745	16.42
1746	12.33
1747	3.823
1748	3.332
1749	9.465
1750	3.329
1751	1.041
1752	5.963
1753	6.119
1754	14.27
1755	6.48
1756	13.87
1757	9.484
1758	3.459
1759	3.246
1760	12.14
1761	15.79
1762	12.14
1763	18.84
1764	3.057
1765	15.64
1766	0.7797
1767	7.525
1768	11.59
1769	21.18
1770	3.579
1771	15.13
1772	20.43
1773	11.28
1774	18.54
1775	17.15
1776	2.429
1777	12.71
1778	13.57
1779	6.892
1780	20.63
1781	5.858
1782	2.313
1783	4.406
1784	8.473
1785	20.53
1786	3.941
1787	13.69
1788	11.0
1789	9.504
1790	9.892
1791	1.615
1792	8.618
1793	6.985
1794	12.75
1795	6.551
1796	0.3127
1797	22.47
1798	8.362
1799	18.83
1800	13.57
1801	7.32
1802	22.19
1803	0.7654
1804	0.9905
1805	7.23
1806	12.44
1807	22.82
1808	13.78
1809	6.204
1810	17.03
1811	7.392
1812	5.423
1813	7.598
1814	19.85
1815	6.261
1816	23.45
1817	20.6
1818	3.796
1819	1.605
1820	0.387
1821	22.65
1822	10.4
1823	0.4787
1824	13.98
1825	15.49
1826	10.15
1827	21.62
1828	11.71
1829	22.56
1830	22.51
1831	15.94
1832	3.409
1833	9.269
1834	7.526
1835	15.09
1836	14.42
1837	11.23
1838	13.36
1839	8.508
1840	17.2
1841	0.4673
1842	6.416
1843	11.09
1844	11.42
1845	23.95
1846	13.24
1847	11.6
1848	23.7
1849	4.409
1850	21.73
1851	21.84
1852	6.913
1853	6.079
1854	16.93
1855	23.48
1856	10.13
1857	5.065
1858	16.59
1859	13.85
1860	16.94
1861	4.258
1862	1.196
1863	7.657
1864	7.991
1865	11.82
1866	17.26
1867	8.78
1868	19.21
1869	8.391
1870	5.764
1871	15.47
1872	10.15
1873	8.809
1874	3.811
1875	17.09
1876	10.41
1877	14.43
1878	20.51
1879	5.329
1880	19.31
1881	10.68
1882	19.43
1883	14.99
1884	23.31
1885	21.21
1886	1.587
1887	17.52
1888	5.669
1889	4.593
1890	2.176
1891	13.2
1892	14.62
1893	7.84
1894	4.033
1895	2.588
1896	14.39
1897	9.675
1898	7.481
1899	17.05
1900	22.86
1901	9.599
1902	17.33
1903	11.55
1904	4.563
1905	1.512
1906	13.48
1907	22.63
1908	0.3779
1909	9.259
1910	13.6
1911	23.59
1912	20.49
1913	0.29
1914	14.51
1915	21.52
1916	18.82
1917	4.025
1918	17.28
1919	4.057
1920	1.864
1921	2.612
1922	7.129
1923	7.472
1924	8.024
1925	14.04
1926	13.58
1927	2.663
1928	23.5
1929	15.32
1930	5.125
1931	5.675
1932	6.102
1933	18.48
1934	0.1265
1935	15.81
1936	8.109
1937	1.507
1938	22.39
1939	4.454
1940	2.183
1941	3.613
1942	6.693
1943	13.63
1944	3.971
1945	7.383
1946	19.82
1947	11.69
1948	23.06
1949	21.14
1950	9.78
1951	17.17
1952	18.09
1953	3.14
1954	17.43
1955	8.509
1956	4.003
1957	12.39
1958	4.757
1959	23.4
1960	22.12
1961	15.46
1962	21.53
1963	16.41
1964	23.36
1965	20.67
1966	12.85
1967	3.938
1968	9.709
1969	13.5
1970	21.58
1971	2.539
1972	20.2
1973	14.6
1974	16.23
1975	16.0
1976	14.23
1977	8.399
1978	7.37
1979	23.84
1980	12.49
1981	8.425
1982	21.33
1983	21.14
1984	13.69
1985	0.4351
1986	0.7196
1987	2.8
1988	23.19
1989	19.3
1990	20.77
1991	3.767
1992	16.49
1993	15.11
1994	20.95
1995	15.42
1996	23.51
1997	9.343
1998	1.807
1999	12.89
2000	2.926
301	35.37
302	21.63
303	31.37
304	32.69
305	23.78
306	36.92
307	15.52
308	24.55
309	22.86
310	38.9
311	12.55
312	9.475
313	2.54
314	37.64
315	30.59
316	32.13
317	27.82
318	11.18
319	8.042
320	36.77
321	36.26
322	6.248
323	0.3281
324	6.632
325	35.39
326	19.8
327	32.26
328	20.52
329	20.07
330	8.736
331	18.15
332	29.26
333	14.27
334	5.649
335	2.691
336	12.52
337	32.88
338	31.88
339	4.594
340	14.34
341	13.36
342	32.05
343	18.31
344	8.01
345	29.88
346	7.258
347	19.8
348	34.17
349	5.768
350	31.54
351	4.825
352	34.33
353	38.57
354	20.96
355	35.65
356	12.45
357	37.64
358	5.022
359	6.199
360	11.29
361	18.94
362	0.786
363	33.61
364	15.27
365	39.85
366	2.974
367	24.41
368	34.31
369	23.34
370	6.447
371	14.2
372	0.3462
373	37.58
374	36.46
375	20.34
376	5.031
377	8.491
378	7.843
379	34.59
380	24.33
381	5.062
382	21.19
383	15.62
384	0.935
385	13.57
386	19.3
387	12.13
388	17.03
389	8.95
390	20.96
391	30.45
392	6.728
393	6.699
394	36.36
395	27.23
396	2.576
397	7.81
398	9.107
399	3.419
400	20.53
401	25.35
402	6.699
403	32.85
404	17.74
405	8.495
406	33.85
407	27.6
408	20.3
409	32.39
410	22.72
411	19.8
412	6.959
413	26.96
414	39.3
415	8.433
416	11.06
417	4.189
418	33.62
419	7.262
420	35.8
421	20.4
422	21.04
423	3.95
424	1.741
425	21.7
426	16.49
427	20.2
428	6.8
429	10.99
430	26.72
431	38.93
432	35.96
433	9.972
434	10.51
435	38.13
436	24.38
437	8.263
438	25.6
439	0.3764
440	3.231
441	11.25
442	31.43
443	19.96
444	39.67
445	0.03552
446	34.2
447	23.43
448	23.8
449	17.76
450	4.44
451	10.75
452	12.19
453	32.12
454	22.83
455	31.13
456	6.792
457	8.415
458	29.02
459	3.681
460	5.334
461	31.06
462	13.62
463	13.2
464	5.793
465	8.258
466	4.73
467	15.36
468	6.214
469	33.22
470	33.39
471	18.12
472	25.84
473	35.55
474	22.2
475	12.9
476	26.76
477	1.265
478	4.241
479	3.84
480	3.65
481	5.111
482	18.89
483	2.282
484	27.68
485	36.85
486	0.6493
487	13.72
488	38.19
489	13.49
490	36.81
491	39.66
492	3.407
493	5.245
494	7.316
495	17.44
496	7.143
497	24.52
498	34.07
499	39.03
500	1.751
501	3.078
502	0.4123
503	16.66
504	28.28
505	37.61
506	19.97
507	30.36
508	11.51
509	15.96
510	2.834
511	26.52
512	8.81
513	5.394
514	0.9747
515	26.58
516	17.67
517	24.98
518	22.06
519	16.2
520	30.0
521	0.02405
522	3.65
523	26.74
524	9.939
525	39.93
526	27.57
527	31.44
528	2.009
529	21.82
530	11.42
531	13.2
532	21.45
533	13.4
534	7.001
535	30.46
536	14.06
537	30.89
538	30.95
539	35.96
540	12.07
541	4.044
542	28.31
543	37.18
544	29.56
545	32.14
546	30.83
547	15.13
548	2.879
549	38.19
550	17.32
551	29.29
552	16.03
553	19.52
554	20.37
555	37.14
556	17.28
557	0.5272
558	32.3
559	38.89
560	25.5
561	28.71
562	1.066
563	39.26
564	0.5828
565	1.535
566	36.6
567	27.38
568	25.99
569	33.36
570	26.5
571	32.46
572	7.875
573	21.31
574	23.88
575	29.92
576	28.82
577	9.971
578	14.75
579	12.32
580	25.36
581	22.43
582	7.936
583	39.68
584	28.54
585	4.938
586	22.78
587	12.92
588	2.675
589	16.44
590	19.71
591	31.05
592	37.55
593	16.84
594	19.31
595	23.21
596	33.19
597	33.05
598	11.03
599	37.26
600	4.301
601	2.369
602	9.44
603	16.89
604	2.073
605	24.8
606	3.488
607	18.7
608	4.119
609	17.64
610	4.492
611	4.521
612	6.872
613	8.331
614	23.8
615	8.266
616	38.02
617	3.764
618	25.03
619	32.31
620	35.91
621	14.96
622	19.35
623	32.79
624	30.09
625	18.17
626	32.27
627	25.07
628	12.52
629	22.16
630	11.34
631	4.867
632	35.33
633	12.29
634	12.6
635	7.961
636	26.34
637	38.49
638	17.09
639	3.892
640	20.6
641	4.738
642	32.93
643	12.2
644	34.43
645	11.59
646	23.26
647	22.49
648	0.03042
649	39.03
650	5.37
651	29.99
652	28.07
653	17.53
654	11.7
655	30.71
656	39.16
657	28.86
658	34.1
659	35.25
660	20.39
661	36.59
662	33.26
663	14.13
664	36.36
665	26.67
666	24.18
667	17.22
668	33.93
669	24.39
670	6.685
671	15.72
672	22.18
673	27.82
674	23.95
675	15.84
676	37.82
677	16.58
678	39.42
679	22.81
680	0.5543
681	35.92
682	4.119
683	7.667
684	12.14
685	16.0
686	1.206
687	37.31
688	5.863
689	34.42
690	7.674
691	4.882
692	16.45
693	10.73
694	34.76
695	8.419
696	20.27
697	26.09
698	30.97
699	31.61
700	28.91
701	31.64
702	19.66
703	12.12
704	34.57
705	19.88
706	25.66
707	39.53
708	6.419
709	28.77
710	17.07
711	0.1099
712	20.99
713	2.178
714	31.16
715	17.8
716	10.14
717	23.36
718	16.26
719	30.11
720	9.058
721	29.57
722	34.27
723	34.45
724	2.768
725	10.19
726	24.2
727	23.03
728	22.21
729	6.422
730	12.08
731	36.11
732	38.79
733	39.44
734	9.368
735	30.84
736	24.19
737	30.0
738	21.12
739	5.139
740	9.171
741	3.624
742	21.57
743	35.55
744	15.59
745	26.79
746	24.13
747	19.3
748	20.2
749	32.62
750	11.89
751	26.01
752	0.7202
753	15.08
754	23.02
755	21.89
756	23.11
757	2.699
758	18.67
759	6.481
760	37.47
761	26.6
762	19.6
763	38.74
764	12.17
765	32.06
766	13.06
767	11.09
768	24.7
769	26.84
770	18.53
771	8.752
772	21.22
773	13.6
774	19.41
775	29.46
776	32.18
777	1.721
778	28.03
779	25.99
780	5.661
781	27.32
782	11.67
783	33.61
784	24.14
785	19.77
786	2.666
787	3.423
788	16.66
789	36.72
790	30.56
791	34.07
792	38.57
793	7.425
794	18.13
795	34.66
796	29.71
797	29.28
798	11.89
799	15.33
800	29.51
801	19.66
802	10.61
803	5.148
804	20.85
805	12.46
806	11.23
807	24.29
808	11.15
809	9.565
810	39.57
811	1.008
812	6.923
813	38.66
814	33.26
815	34.39
816	26.32
817	14.55
818	13.67
819	26.14
820	16.98
821	3.458
822	27.63
823	31.59
824	30.7
825	3.371
826	7.652
827	31.01
828	26.21
829	39.28
830	21.49
831	11.9
832	20.43
833	2.375
834	16.1
835	22.72
836	29.43
837	24.01
838	0.3573
839	32.97
840	39.28
841	19.92
842	21.3
843	17.05
844	5.048
845	6.728
846	20.31
847	8.579
848	2.976
849	24.35
850	4.357
851	21.05
852	14.2
853	35.91
854	22.72
855	25.68
856	35.39
857	21.89
858	15.78
859	39.1
860	38.68
861	16.34
862	3.629
863	13.14
864	24.61
865	5.148
866	6.03
867	9.508
868	19.89
869	32.34
870	18.7
871	28.31
872	3.926
873	11.87
874	4.67
875	32.53
876	10.68
877	36.24
878	8.112
879	30.31
880	20.07
881	22.87
882	16.53
883	17.97
884	14.15
885	28.99
886	1.55
887	37.86
888	12.75
889	5.561
890	8.328
891	32.92
892	21.28
893	27.92
894	38.71
895	8.986
896	23.28
897	8.56
898	24.89
899	38.09
900	21.15
901	30.5
902	16.39
903	20.17
904	5.419
905	34.27
906	37.67
907	10.34
908	38.03
909	29.56
910	36.19
911	36.76
912	38.01
913	28.17
914	14.53
915	11.18
916	10.55
917	26.1
918	15.69
919	15.19
920	38.37
921	31.19
922	0.8842
923	0.04102
924	21.99
925	26.28
926	36.11
927	22.28
928	17.97
929	33.42
930	5.328
931	38.66
932	29.7
933	3.901
934	30.47
935	30.88
936	12.28
937	0.4603
938	38.49
939	1.112
940	16.14
941	33.24
942	38.2
943	5.032
944	11.24
945	10.61
946	25.36
947	27.67
948	32.72
949	38.04
950	30.91
951	9.709
952	0.5003
953	0.9318
954	0.6401
955	29.38
956	0.2707
957	37.9
958	24.56
959	18.8
960	14.96
961	24.96
962	21.4
963	3.96
964	25.48
965	35.8
966	33.42
967	29.79
968	17.6
969	32.24
970	11.75
971	24.28
972	33.63
973	22.89
974	33.56
975	37.17
976	10.41
977	21.0
978	12.05
979	8.636
980	38.51
981	37.1
982	6.058
983	18.01
984	35.1
985	9.099
986	27.64
987	10.19
988	11.69
989	19.95
990	26.77
991	34.5
992	24.76
993	36.04
994	22.13
995	31.62
996	30.75
997	25.7
998	12.36
999	6.468
1000	32.51
1001	26.45
1002	26.11
1003	25.72
1004	4.418
1005	13.81
1006	21.69
1007	37.2
1008	25.81
1009	8.297
1010	8.246
1011	27.43
1012	7.291
1013	24.62
1014	32.42
1015	28.02
1016	17.18
1017	8.321
1018	18.27
1019	39.2
1020	10.19
1021	30.17
1022	28.67
1023	33.42
1024	2.659
1025	23.96
1026	15.08
1027	13.35
1028	34.64
1029	25.03
1030	17.34
1031	39.09
1032	3.053
1033	0.3313
1034	21.3
1035	5.796
1036	6.242
1037	18.2
1038	34.35
1039	4.673
1040	6.083
1041	4.574
1042	28.73
1043	7.277
1044	16.91
1045	35.58
1046	2.355
1047	33.73
1048	15.15
1049	3.95
1050	12.77
1051	19.44
1052	21.47
1053	11.99
1054	21.04
1055	19.37
1056	31.43
1057	1.565
1058	21.33
1059	37.12
1060	6.21
1061	31.92
1062	36.09
1063	31.06
1064	15.2
1065	26.21
1066	33.92
1067	14.68
1068	2.627
1069	38.46
1070	27.6
1071	29.26
1072	34.47
1073	31.83
1074	33.16
1075	13.71
1076	39.69
1077	37.92
1078	31.23
1079	6.783
1080	11.43
1081	12.19
1082	6.059
1083	9.585
1084	28.59
1085	4.171
1086	19.53
1087	11.87
1088	11.29
1089	17.09
1090	12.8
1091	28.52
1092	38.26
1093	28.35
1094	26.34
1095	23.57
1096	1.584
1097	13.31
1098	14.84
1099	37.17
1100	4.94
1101	2.038
1102	13.21
1103	16.38
1104	16.74
1105	4.522
1106	35.08
1107	15.97
1108	37.91
1109	28.02
1110	12.43
1111	39.97
1112	25.25
1113	13.72
1114	18.87
1115	1.12
1116	29.44
1117	23.41
1118	37.03
1119	21.26
1120	2.714
1121	27.15
1122	21.72
1123	5.707
1124	29.88
1125	26.61
1126	34.23
1127	31.92
1128	32.02
1129	22.59
1130	34.28
1131	39.05
1132	23.13
1133	19.67
1134	30.32
1135	4.712
1136	2.61
1137	3.893
1138	0.1192
1139	13.57
1140	34.0
1141	35.83
1142	37.02
1143	36.48
1144	31.37
1145	22.76
1146	31.93
1147	10.38
1148	3.903
1149	17.35
1150	38.11
1151	4.276
1152	5.508
1153	0.9704
1154	27.04
1155	16.51
1156	36.25
1157	27.01
1158	21.63
1159	2.354
1160	39.95
1161	0.05384
1162	5.646
1163	11.77
1164	5.783
1165	26.52
1166	17.57
1167	39.24
1168	16.76
1169	10.35
1170	34.36
1171	24.91
1172	38.04
1173	11.56
1174	27.49
1175	35.6
1176	2.608
1177	34.48
1178	17.45
1179	10.38
1180	6.435
1181	16.22
1182	28.92
1183	39.46
1184	30.16
1185	6.834
1186	25.41
1187	9.996
1188	3.062
1189	26.83
1190	12.77
1191	23.35
1192	25.27
1193	17.41
1194	1.915
1195	18.6
1196	32.34
1197	4.327
1198	13.62
1199	8.231
1200	36.79
1201	34.06
1202	21.04
1203	34.71
1204	24.3
1205	1.583
1206	30.26
1207	35.04
1208	21.77
1209	13.93
1210	9.23
1211	0.2912
1212	29.3
1213	26.22
1214	35.08
1215	18.96
1216	31.87
1217	23.22
1218	4.824
1219	22.45
1220	25.4
1221	6.384
1222	22.68
1223	6.655
1224	33.15
1225	30.45
1226	27.47
1227	26.28
1228	34.13
1229	5.088
1230	5.12
1231	22.85
1232	20.45
1233	34.72
1234	39.41
1235	33.91
1236	12.88
1237	5.502
1238	31.29
1239	11.19
1240	39.71
1241	14.67
1242	19.07
1243	19.79
1244	5.716
1245	32.18
1246	30.17
1247	38.24
1248	17.1
1249	20.23
1250	20.23
1251	20.33
1252	7.36
1253	6.368
1254	30.64
1255	25.11
1256	19.36
1257	10.67
1258	18.11
1259	27.9
1260	7.912
1261	18.12
1262	33.4
1263	32.64
1264	38.02
1265	33.27
1266	24.07
1267	29.66
1268	16.18
1269	18.38
1270	4.882
1271	34.72
1272	11.73
1273	16.07
1274	27.31
1275	18.97
1276	19.63
1277	13.67
1278	12.48
1279	29.34
1280	10.62
1281	1.341
1282	13.57
1283	28.04
1284	11.32
1285	38.46
1286	4.884
1287	22.71
1288	32.27
1289	25.15
1290	39.52
1291	11.32
1292	7.176
1293	8.687
1294	4.807
1295	34.33
1296	25.39
1297	10.4
1298	26.32
1299	26.09
1300	27.93
1301	5.334
1302	4.396
1303	6.576
1304	6.067
1305	27.95
1306	39.0
1307	31.43
1308	0.5371
1309	8.614
1310	20.88
1311	7.657
1312	20.8
1313	1.388
1314	30.86
1315	35.62
1316	38.07
1317	13.37
1318	31.49
1319	2.309
1320	22.44
1321	32.32
1322	35.52
1323	1.741
1324	5.291
1325	24.23
1326	5.994
1327	4.828
1328	32.13
1329	35.84
1330	22.08
1331	3.744
1332	8.361
1333	17.08
1334	2.048
1335	29.81
1336	8.727
1337	35.82
1338	13.24
1339	16.52
1340	7.88
1341	30.41
1342	20.41
1343	8.919
1344	16.62
1345	25.37
1346	9.386
1347	11.83
1348	3.435
1349	24.34
1350	10.49
1351	36.11
1352	4.998
1353	38.19
1354	7.246
1355	17.71
1356	30.48
1357	27.76
1358	17.56
1359	28.62
1360	21.02
1361	16.06
1362	5.786
1363	34.29
1364	18.59
1365	34.33
1366	33.52
1367	32.95
1368	8.47
1369	23.82
1370	19.23
1371	33.48
1372	20.41
1373	19.31
1374	34.12
1375	12.27
1376	12.75
1377	18.38
1378	31.97
1379	20.14
1380	4.001
1381	13.85
1382	31.96
1383	20.84
1384	18.21
1385	12.77
1386	28.82
1387	34.24
1388	16.84
1389	1.705
1390	14.34
1391	20.47
1392	35.08
1393	29.6
1394	24.84
1395	15.72
1396	4.855
1397	24.07
1398	1.125
1399	26.0
1400	5.839
1401	25.73
1402	20.59
1403	2.836
1404	30.92
1405	37.75
1406	17.98
1407	32.42
1408	4.074
1409	26.39
1410	6.537
1411	27.59
1412	30.69
1413	16.34
1414	12.74
1415	4.593
1416	0.2115
1417	5.622
1418	19.14
1419	4.175
1420	35.17
1421	19.08
1422	32.85
1423	28.76
1424	17.62
1425	31.98
1426	31.47
1427	4.713
1428	9.68
1429	8.946
1430	34.93
1431	32.76
1432	38.46
1433	26.97
1434	14.03
1435	7.277
1436	32.1
1437	8.531
1438	8.807
1439	9.359
1440	1.666
1441	18.96
1442	8.941
1443	24.75
1444	39.9
1445	11.57
1446	9.226
1447	28.34
1448	12.61
1449	30.97
1450	6.407
1451	26.95
1452	23.39
1453	26.55
1454	28.39
1455	29.01
1456	4.308
1457	13.98
1458	5.628
1459	8.732
1460	18.01
1461	31.91
1462	14.86
1463	25.38
1464	13.79
1465	21.12
1466	25.46
1467	7.746
1468	7.675
1469	36.59
1470	28.48
1471	16.04
1472	34.22
1473	25.14
1474	34.3
1475	38.48
1476	18.45
1477	28.43
1478	17.79
1479	24.05
1480	4.812
1481	1.961
1482	24.89
1483	2.25
1484	5.195
1485	30.59
1486	14.23
1487	2.55
1488	27.21
1489	35.36
1490	5.244
1491	0.7606
1492	22.81
1493	37.09
1494	7.531
1495	37.1
1496	6.924
1497	7.973
1498	11.19
1499	23.41
1500	12.58
1501	34.97
1502	7.486
1503	30.53
1504	24.3
1505	35.42
1506	8.895
1507	38.02
1508	14.68
1509	3.655
1510	3.145
1511	15.17
1512	3.865
1513	39.0
1514	24.42
1515	17.5
1516	19.37
1517	36.57
1518	5.138
1519	30.65
1520	30.54
1521	2.404
1522	6.347
1523	9.951
1524	24.86
1525	7.068
1526	21.92
1527	17.23
1528	20.22
1529	19.1
1530	35.17
1531	39.37
1532	7.301
1533	15.12
1534	26.31
1535	0.495
1536	10.55
1537	21.16
1538	17.32
1539	20.32
1540	12.47
1541	21.61
1542	22.7
1543	7.759
1544	8.158
1545	39.97
1546	36.01
1547	18.1
1548	11.78
1549	16.58
1550	27.68
1551	30.43
1552	28.83
1553	5.843
1554	16.88
1555	27.87
1556	9.169
1557	32.81
1558	17.81
1559	1.983
1560	26.79
1561	27.72
1562	32.02
1563	15.89
1564	35.91
1565	11.93
1566	19.34
1567	13.56
1568	28.56
1569	5.561
1570	3.353
1571	18.85
1572	6.365
1573	0.147
1574	39.19
1575	20.9
1576	13.58
1577	32.96
1578	9.792
1579	16.37
1580	10.89
1581	0.9355
1582	20.69
1583	19.17
1584	27.77
1585	3.689
1586	15.04
1587	37.65
1588	14.75
1589	34.93
1590	2.602
1591	25.92
1592	16.02
1593	10.85
1594	34.52
1595	0.3679
1596	19.29
1597	2.193
1598	25.92
1599	20.21
1600	14.49
1601	12.7
1602	30.02
1603	26.72
1604	32.57
1605	35.06
1606	19.11
1607	34.59
1608	16.4
1609	3.544
1610	2.393
1611	20.0
1612	4.831
1613	24.46
1614	10.69
1615	13.48
1616	34.54
1617	15.47
1618	0.6015
1619	27.93
1620	1.622
1621	20.88
1622	16.69
1623	19.52
1624	19.01
1625	21.07
1626	17.6
1627	30.98
1628	24.51
1629	8.683
1630	12.12
1631	10.84
1632	34.53
1633	2.357
1634	37.56
1635	13.76
1636	21.12
1637	21.44
1638	28.53
1639	27.89
1640	6.055
1641	23.33
1642	3.828
1643	26.53
1644	29.49
1645	25.98
1646	26.69
1647	39.06
1648	27.08
1649	11.47
1650	32.24
1651	15.67
1652	11.55
1653	2.785
1654	22.01
1655	24.83
1656	19.97
1657	37.12
1658	27.97
1659	0.8012
1660	26.61
1661	22.03
1662	2.34
1663	16.7
1664	20.54
1665	29.33
1666	26.52
1667	9.724
1668	37.58
1669	35.21
1670	30.03
1671	35.23
1672	20.97
1673	1.438
1674	14.49
1675	29.24
1676	29.36
1677	6.122
1678	9.157
1679	27.51
1680	1.599
1681	14.89
1682	37.72
1683	2.901
1684	29.73
1685	28.72
1686	21.18
1687	25.96
1688	37.37
1689	21.37
1690	31.88
1691	34.67
1692	23.94
1693	37.85
1694	35.89
1695	17.32
1696	4.536
1697	2.502
1698	8.319
1699	30.48
1700	30.73
1701	7.963
1702	11.89
1703	21.42
1704	22.58
1705	20.83
1706	7.409
1707	14.55
1708	15.28
1709	23.45
1710	14.22
1711	24.51
1712	10.43
1713	10.73
1714	23.09
1715	24.13
1716	21.51
1717	8.007
1718	33.47
1719	38.5
1720	39.09
1721	5.535
1722	21.48
1723	29.69
1724	2.485
1725	28.35
1726	35.59
1727	11.29
1728	19.93
1729	31.9
1730	21.02
1731	29.18
1732	23.11
1733	37.79
1734	36.49
1735	30.92
1736	33.72
1737	1.433
1738	16.78
1739	32.37
1740	8.187
1741	29.65
1742	9.829
1743	20.92
1744	13.08
1745	3.487
1746	24.39
1747	24.11
1748	28.54
1749	4.958
1750	0.515
1751	14.29
1752	28.26
1753	32.3
1754	25.53
1755	24.93
1756	19.25
1757	15.86
1758	7.142
1759	36.57
1760	24.38
1761	22.79
1762	19.66
1763	23.02
1764	18.17
1765	38.67
1766	12.19
1767	31.06
1768	15.09
1769	2.594
1770	16.14
1771	11.0
1772	1.785
1773	0.6632
1774	8.542
1775	18.13
1776	35.6
1777	24.79
1778	13.36
1779	9.42
1780	28.84
1781	3.423
1782	21.32
1783	22.57
1784	17.66
1785	5.101
1786	21.72
1787	17.85
1788	29.88
1789	38.94
1790	36.38
1791	31.44
1792	20.53
1793	13.51
1794	7.832
1795	23.62
1796	32.94
1797	0.7889
1798	0.4844
1799	3.663
1800	21.44
1801	16.75
1802	9.408
1803	16.53
1804	26.8
1805	30.21
1806	37.93
1807	0.2339
1808	31.63
1809	23.75
1810	4.328
1811	28.66
1812	37.31
1813	14.36
1814	10.2
1815	7.256
1816	32.74
1817	10.32
1818	7.616
1819	32.84
1820	22.18
1821	24.68
1822	32.75
1823	8.526
1824	18.12
1825	2.811
1826	20.85
1827	28.87
1828	6.665
1829	13.95
1830	19.26
1831	30.29
1832	2.937
1833	16.0
1834	0.1402
1835	13.83
1836	31.76
1837	11.51
1838	3.318
1839	19.77
1840	4.151
1841	25.04
1842	9.979
1843	10.23
1844	34.02
1845	21.08
1846	25.92
1847	13.21
1848	11.92
1849	25.13
1850	15.96
1851	9.824
1852	32.82
1853	25.99
1854	39.3
1855	26.46
1856	34.07
1857	38.13
1858	5.283
1859	39.77
1860	21.08
1861	18.12
1862	12.47
1863	22.25
1864	36.1
1865	18.21
1866	12.49
1867	15.89
1868	15.69
1869	4.148
1870	3.944
1871	33.45
1872	10.05
1873	33.04
1874	5.868
1875	20.3
1876	39.08
1877	23.49
1878	11.01
1879	18.29
1880	8.406
1881	9.896
1882	37.65
1883	36.79
1884	34.5
1885	26.26
1886	36.0
1887	21.31
1888	13.52
1889	4.985
1890	12.31
1891	15.65
1892	19.12
1893	33.74
1894	20.06
1895	8.177
1896	12.12
1897	6.781
1898	8.307
1899	39.44
1900	38.48
1901	28.48
1902	2.478
1903	30.67
1904	11.49
1905	7.02
1906	12.73
1907	20.81
1908	31.7
1909	1.643
1910	0.8032
1911	7.626
1912	34.0
1913	21.87
1914	3.721
1915	7.404
1916	24.18
1917	20.04
1918	29.87
1919	17.0
1920	37.29
1921	9.74
1922	18.33
1923	33.76
1924	39.62
1925	37.53
1926	23.8
1927	27.31
1928	22.89
1929	16.59
1930	7.411
1931	30.13
1932	17.21
1933	38.93
1934	31.81
1935	10.52
1936	9.68
1937	13.39
1938	16.52
1939	24.59
1940	13.58
1941	15.27
1942	33.23
1943	5.715
1944	23.35
1945	23.13
1946	22.33
1947	9.908
1948	20.91
1949	20.38
1950	19.92
1951	21.89
1952	16.72
1953	18.98
1954	9.902
1955	0.02551
1956	0.7768
1957	3.553
1958	21.14
1959	21.27
1960	7.552
1961	19.52
1962	24.54
1963	26.85
1964	14.87
1965	39.22
1966	4.387
1967	37.32
1968	12.74
1969	29.71
1970	23.8
1971	0.2992
1972	1.472
1973	2.149
1974	30.6
1975	16.12
1976	14.31
1977	21.77
1978	38.41
1979	11.56
1980	26.64
1981	31.62
1982	18.26
1983	6.471
1984	7.68
1985	23.34
1986	26.92
1987	35.8
1988	32.79
1989	10.39
1990	32.42
1991	0.2574
1992	27.55
1993	15.38
1994	18.52
1995	5.839
1996	37.81
1997	37.45
1998	30.36
1999	3.111
2000	24.55
301	6.83
302	3.562
303	3.335
304	2.815
305	3.016
306	2.305
307	2.178
308	2.496
309	3.922
310	2.948
311	3.431
312	1.775
313	3.303
314	3.935
315	2.985
316	3.72
317	3.421
318	2.241
319	2.454
320	3.247
321	3.441
322	2.302
323	2.606
324	3.032
325	3.456
326	1.976
327	3.914
328	5.02
329	2.373
330	3.303
331	2.358
332	1.806
333	4.008
334	4.021
335	1.942
336	3.181
337	3.244
338	2.002
339	5.14
340	3.155
341	2.256
342	2.001
343	8.243
344	6.561
345	3.067
346	3.028
347	2.472
348	3.219
349	2.745
350	2.411
351	1.888
352	2.752
353	2.685
354	2.859
355	2.768
356	3.06
357	3.521
358	2.938
359	2.787
360	2.994
361	3.056
362	1.986
363	2.13
364	2.938
365	2.806
366	2.761
367	3.909
368	3.44
369	3.508
370	3.628
371	2.418
372	2.356
373	2.581
374	3.158
375	2.43
376	3.681
377	3.009
378	3.588
379	3.103
380	4.22
381	4.025
382	2.834
383	2.214
384	2.966
385	2.646
386	2.704
387	2.707
388	2.263
389	2.251
390	2.182
391	2.634
392	2.142
393	3.305
394	5.158
395	2.735
396	2.673
397	3.115
398	4.917
399	2.13
400	3.25
401	3.332
402	1.839
403	2.521
404	2.977
405	2.548
406	2.681
407	3.248
408	4.362
409	5.042
410	3.229
411	3.395
412	3.717
413	2.044
414	6.437
415	4.378
416	3.951
417	2.249
418	2.645
419	3.678
420	3.788
421	3.404
422	3.374
423	2.543
424	2.856
425	3.089
426	2.333
427	2.846
428	3.627
429	2.192
430	3.427
431	3.913
432	1.623
433	2.863
434	3.208
435	2.975
436	2.932
437	2.213
438	4.405
439	1.624
440	3.422
441	2.859
442	3.573
443	3.018
444	3.272
445	2.984
446	2.308
447	2.693
448	2.668
449	2.626
450	2.74
451	3.085
452	2.381
453	3.503
454	2.394
455	3.038
456	2.312
457	3.534
458	3.548
459	3.479
460	2.328
461	2.794
462	2.689
463	1.793
464	4.032
465	3.584
466	2.486
467	3.001
468	3.778
469	2.74
470	3.193
471	3.824
472	3.767
473	3.393
474	2.992
475	3.382
476	2.394
477	2.97
478	4.867
479	2.225
480	3.156
481	2.115
482	2.483
483	2.401
484	2.652
485	2.471
486	3.071
487	2.256
488	2.776
489	3.24
490	2.874
491	2.456
492	2.604
493	2.467
494	2.989
495	2.441
496	2.608
497	2.233
498	2.538
499	2.676
500	2.624
501	2.643
502	2.478
503	2.389
504	2.116
505	2.426
506	2.228
507	2.345
508	3.767
509	1.976
510	2.595
511	2.255
512	3.69
513	3.25
514	2.516
515	2.449
516	2.666
517	6.042
518	4.267
519	3.621
520	3.39
521	2.905
522	3.424
523	3.003
524	2.741
525	2.091
526	2.302
527	2.376
528	3.039
529	2.139
530	2.032
531	3.688
532	2.693
533	2.858
534	2.626
535	2.677
536	2.153
537	2.129
538	2.854
539	2.666
540	2.063
541	2.408
542	2.704
543	4.225
544	2.575
545	2.858
546	2.212
547	2.682
548	1.795
549	3.833
550	2.569
551	2.66
552	2.886
553	3.138
554	3.971
555	2.114
556	2.111
557	3.112
558	3.055
559	2.234
560	3.569
561	3.677
562	3.692
563	3.901
564	2.877
565	2.711
566	2.587
567	2.302
568	3.634
569	4.096
570	3.795
571	5.633
572	1.399
573	2.864
574	2.545
575	2.859
576	3.203
577	2.181
578	2.174
579	3.134
580	2.97
581	2.526
582	2.793
583	3.242
584	3.609
585	2.942
586	2.348
587	2.779
588	2.48
589	2.904
590	2.613
591	3.511
592	2.33
593	2.264
594	2.452
595	2.157
596	1.933
597	3.232
598	3.076
599	2.369
600	2.795
601	2.405
602	3.301
603	2.764
604	2.826
605	2.769
606	2.791
607	2.595
608	2.393
609	3.167
610	3.202
611	2.424
612	3.682
613	2.106
614	2.212
615	2.725
616	2.923
617	3.326
618	2.597
619	2.677
620	2.331
621	2.913
622	3.915
623	4.062
624	2.66
625	3.264
626	3.244
627	2.372
628	3.124
629	2.86
630	3.119
631	2.954
632	3.89
633	2.911
634	2.005
635	3.279
636	3.867
637	2.026
638	1.854
639	2.569
640	4.173
641	3.125
642	2.132
643	3.39
644	3.547
645	2.563
646	2.212
647	2.482
648	2.787
649	2.168
650	3.582
651	3.296
652	2.616
653	6.019
654	4.135
655	2.979
656	2.787
657	1.965
658	3.532
659	3.148
660	2.055
661	3.745
662	3.404
663	2.74
664	2.318
665	3.57
666	3.23
667	2.964
668	2.384
669	3.363
670	2.172
671	3.414
672	3.542
673	3.172
674	2.605
675	2.875
676	2.605
677	3.281
678	2.575
679	2.558
680	2.213
681	3.358
682	2.737
683	2.044
684	6.199
685	4.181
686	2.514
687	3.003
688	2.938
689	2.893
690	3.39
691	4.013
692	2.797
693	3.167
694	5.352
695	4.639
696	4.227
697	3.29
698	1.909
699	3.062
700	2.786
701	3.368
702	2.06
703	2.76
704	2.441
705	3.805
706	2.441
707	2.082
708	3.541
709	4.097
710	1.715
711	2.334
712	2.596
713	3.116
714	3.866
715	3.74
716	2.571
717	2.201
718	3.168
719	2.923
720	2.05
721	4.078
722	3.128
723	2.993
724	2.987
725	2.896
726	2.355
727	3.124
728	1.867
729	3.179
730	2.413
731	2.338
732	2.762
733	3.469
734	2.564
735	2.861
736	3.026
737	2.781
738	2.465
739	2.99
740	2.008
741	2.831
742	2.659
743	2.613
744	2.591
745	2.233
746	2.771
747	2.676
748	2.598
749	2.217
750	3.277
751	2.499
752	1.979
753	2.086
754	3.425
755	2.746
756	2.839
757	2.523
758	2.197
759	2.222
760	2.432
761	2.93
762	2.223
763	2.202
764	3.221
765	3.044
766	2.51
767	2.579
768	3.087
769	2.799
770	3.352
771	2.531
772	3.835
773	1.956
774	3.769
775	3.312
776	2.107
777	4.599
778	4.687
779	4.162
780	2.387
781	2.331
782	3.037
783	1.615
784	4.226
785	3.762
786	4.599
787	4.187
788	6.564
789	8.507
790	6.813
791	5.434
792	6.783
793	6.409
794	7.588
795	8.38
796	1.579
797	4.4
798	2.917
799	2.31
800	2.403
801	3.61
802	3.038
803	2.139
804	2.236
805	2.264
806	3.04
807	3.248
808	2.091
809	3.733
810	5.942
811	2.328
812	3.364
813	3.418
814	3.962
815	2.673
816	2.744
817	2.448
818	2.472
819	1.737
820	4.189
821	1.883
822	3.32
823	3.669
824	1.934
825	2.933
826	2.188
827	2.235
828	2.726
829	5.661
830	8.884
831	3.364
832	2.814
833	2.239
834	2.219
835	3.948
836	2.136
837	2.738
838	2.027
839	2.4
840	3.218
841	2.478
842	2.678
843	1.353
844	1.674
845	9.947
846	5.101
847	7.421
848	8.45
849	6.482
850	6.908
851	3.591
852	2.958
853	3.166
854	2.4
855	3.679
856	3.312
857	3.226
858	2.903
859	2.541
860	3.162
861	3.302
862	2.762
863	4.205
864	4.197
865	8.676
866	9.323
867	7.099
868	3.98
869	3.772
870	3.351
871	2.166
872	2.791
873	2.664
874	2.693
875	2.804
876	2.48
877	3.169
878	3.034
879	3.051
880	3.736
881	3.498
882	2.012
883	2.558
884	1.955
885	3.526
886	1.483
887	3.643
888	2.792
889	3.786
890	3.971
891	2.991
892	3.421
893	3.777
894	1.958
895	2.347
896	2.985
897	3.14
898	4.438
899	3.128
900	2.291
901	2.965
902	2.665
903	4.001
904	4.425
905	3.163
906	2.234
907	1.709
908	4.325
909	3.949
910	2.576
911	2.716
912	2.536
913	2.609
914	2.779
915	2.81
916	3.163
917	2.308
918	3.128
919	2.459
920	2.294
921	3.004
922	2.404
923	3.657
924	4.859
925	4.295
926	3.828
927	7.934
928	7.595
929	2.524
930	3.01
931	2.578
932	3.089
933	2.951
934	1.761
935	4.736
936	2.103
937	3.185
938	2.461
939	2.96
940	2.418
941	3.15
942	2.998
943	2.284
944	2.96
945	2.746
946	2.533
947	3.178
948	3.104
949	3.245
950	3.002
951	3.486
952	2.589
953	2.38
954	2.684
955	3.226
956	2.764
957	3.096
958	3.292
959	3.123
960	3.211
961	3.661
962	2.208
963	2.827
964	3.58
965	1.902
966	5.606
967	4.826
968	4.282
969	2.605
970	3.743
971	3.421
972	2.197
973	3.702
974	1.538
975	1.548
976	2.217
977	2.054
978	3.156
979	3.643
980	3.144
981	2.308
982	2.909
983	2.859
984	2.922
985	3.776
986	4.12
987	2.674
988	2.782
989	1.839
990	2.696
991	3.665
992	3.098
993	3.356
994	4.683
995	6.185
996	8.699
997	6.045
998	9.727
999	6.097
1000	5.39
1001	4.026
1002	3.8
1003	3.35
1004	2.429
1005	2.204
1006	4.53
1007	3.607
1008	2.991
1009	1.8
1010	3.592
1011	2.169
1012	2.481
1013	2.921
1014	2.025
1015	3.633
1016	3.739
1017	2.013
1018	2.731
1019	2.706
1020	2.449
1021	2.11
1022	2.531
1023	2.362
1024	2.496
1025	2.459
1026	2.98
1027	3.436
1028	3.949
1029	2.842
1030	2.556
1031	3.112
1032	2.086
1033	2.139
1034	4.41
1035	1.555
1036	3.863
1037	3.978
1038	1.975
1039	3.174
1040	2.569
1041	3.649
1042	5.18
1043	3.73
1044	3.537
1045	2.334
1046	2.725
1047	2.714
1048	3.006
1049	3.323
1050	3.079
1051	2.253
1052	3.144
1053	2.996
1054	2.427
1055	3.13
1056	4.127
1057	3.167
1058	1.893
1059	4.204
1060	4.771
1061	3.853
1062	2.023
1063	2.249
1064	2.882
1065	2.417
1066	2.315
1067	3.213
1068	3.319
1069	2.526
1070	2.578
1071	2.611
1072	3.344
1073	2.555
1074	3.536
1075	2.531
1076	2.951
1077	3.063
1078	2.52
1079	3.11
1080	2.62
1081	2.486
1082	2.399
1083	2.818
1084	2.849
1085	3.063
1086	3.861
1087	3.804
1088	2.241
1089	1.724
1090	2.896
1091	2.374
1092	2.823
1093	3.006
1094	2.418
1095	2.502
1096	1.999
1097	2.471
1098	3.923
1099	2.606
1100	2.639
1101	2.565
1102	2.619
1103	3.051
1104	2.691
1105	2.85
1106	2.603
1107	1.484
1108	4.167
1109	2.699
1110	2.842
1111	3.228
1112	2.352
1113	2.745
1114	3.045
1115	2.298
1116	2.423
1117	2.831
1118	2.298
1119	2.132
1120	3.652
1121	2.971
1122	2.009
1123	2.752
1124	2.213
1125	3.421
1126	3.355
1127	2.023
1128	3.515
1129	3.843
1130	2.838
1131	2.802
1132	3.149
1133	2.289
1134	2.887
1135	2.707
1136	1.771
1137	3.788
1138	2.971
1139	2.318
1140	2.727
1141	2.049
1142	3.776
1143	3.682
1144	2.401
1145	2.771
1146	2.933
1147	2.269
1148	2.174
1149	4.112
1150	3.116
1151	2.868
1152	2.058
1153	2.607
1154	2.175
1155	3.244
1156	4.491
1157	3.565
1158	3.465
1159	3.293
1160	3.403
1161	2.032
1162	1.874
1163	3.12
1164	6.923
1165	6.651
1166	8.683
1167	7.761
1168	6.246
1169	2.048
1170	2.142
1171	2.94
1172	2.62
1173	2.733
1174	2.609
1175	2.594
1176	3.831
1177	2.679
1178	2.817
1179	1.701
1180	5.356
1181	8.933
1182	6.211
1183	3.079
1184	3.883
1185	4.531
1186	5.848
1187	4.572
1188	4.014
1189	3.958
1190	5.858
1191	7.942
1192	7.911
1193	6.675
1194	3.77
1195	5.221
1196	6.951
1197	4.08
1198	1.726
1199	6.35
1200	3.515
1201	4.675
1202	1.66
1203	3.447
1204	2.79
1205	2.969
1206	3.598
1207	3.056
1208	3.208
1209	2.365
1210	1.841
1211	4.06
1212	2.401
1213	3.074
1214	2.282
1215	3.912
1216	4.162
1217	3.816
1218	3.284
1219	2.23
1220	2.852
1221	3.525
1222	2.907
1223	2.456
1224	2.831
1225	2.601
1226	2.761
1227	3.448
1228	5.071
1229	5.406
1230	1.867
1231	1.913
1232	2.695
1233	2.662
1234	3.382
1235	2.51
1236	1.989
1237	2.935
1238	2.611
1239	2.108
1240	3.501
1241	3.976
1242	2.737
1243	1.902
1244	3.561
1245	2.483
1246	2.989
1247	2.733
1248	3.116
1249	3.127
1250	2.382
1251	2.577
1252	2.717
1253	2.572
1254	3.043
1255	2.464
1256	2.993
1257	2.332
1258	3.0
1259	2.749
1260	2.985
1261	2.8
1262	3.555
1263	5.093
1264	7.719
1265	8.439
1266	8.993
1267	6.928
1268	7.706
1269	7.641
1270	6.634
1271	1.478
1272	5.092
1273	4.832
1274	1.896
1275	3.202
1276	2.305
1277	4.19
1278	2.931
1279	2.491
1280	2.144
1281	2.797
1282	2.503
1283	2.768
1284	2.874
1285	3.045
1286	2.571
1287	3.178
1288	2.647
1289	3.319
1290	2.367
1291	2.157
1292	2.831
1293	2.25
1294	3.314
1295	2.952
1296	3.179
1297	2.938
1298	2.118
1299	2.031
1300	2.331
1301	3.661
1302	2.495
1303	3.51
1304	4.016
1305	4.122
1306	2.375
1307	2.835
1308	2.476
1309	2.416
1310	2.343
1311	2.615
1312	3.919
1313	3.105
1314	3.205
1315	4.106
1316	4.577
1317	1.878
1318	2.844
1319	2.715
1320	2.909
1321	3.54
1322	4.534
1323	2.732
1324	3.252
1325	3.143
1326	9.128
1327	2.911
1328	3.531
1329	2.14
1330	2.592
1331	3.018
1332	2.318
1333	2.723
1334	3.26
1335	2.579
1336	2.069
1337	2.818
1338	3.219
1339	2.384
1340	2.701
1341	2.734
1342	2.202
1343	2.728
1344	2.37
1345	2.788
1346	2.082
1347	2.163
1348	2.769
1349	2.781
1350	2.729
1351	2.751
1352	2.915
1353	3.081
1354	3.254
1355	2.879
1356	2.942
1357	2.778
1358	4.116
1359	1.847
1360	1.925
1361	4.687
1362	4.596
1363	2.842
1364	9.684
1365	9.834
1366	8.792
1367	6.02
1368	7.111
1369	6.554
1370	2.069
1371	2.54
1372	1.919
1373	3.644
1374	3.241
1375	3.238
1376	3.014
1377	2.002
1378	2.333
1379	2.276
1380	3.566
1381	1.609
1382	4.212
1383	3.247
1384	2.705
1385	2.553
1386	3.107
1387	2.071
1388	3.152
1389	2.561
1390	2.158
1391	2.64
1392	2.728
1393	5.502
1394	5.443
1395	3.109
1396	2.129
1397	2.866
1398	2.428
1399	2.321
1400	3.652
1401	3.582
1402	2.186
1403	3.139
1404	2.086
1405	1.644
1406	4.065
1407	3.334
1408	3.25
1409	2.298
1410	2.99
1411	3.154
1412	3.799
1413	6.906
1414	2.664
1415	2.165
1416	2.816
1417	2.651
1418	2.501
1419	3.061
1420	2.999
1421	2.809
1422	2.447
1423	2.96
1424	2.749
1425	3.071
1426	2.961
1427	2.513
1428	2.804
1429	2.413
1430	2.744
1431	2.75
1432	3.278
1433	2.349
1434	2.72
1435	2.068
1436	2.504
1437	3.402
1438	2.67
1439	3.084
1440	2.631
1441	3.179
1442	3.527
1443	1.969
1444	3.925
1445	3.016
1446	3.37
1447	2.98
1448	3.024
1449	2.535
1450	2.88
1451	2.546
1452	2.762
1453	4.372
1454	2.236
1455	2.683
1456	2.503
1457	2.666
1458	2.585
1459	2.363
1460	3.685
1461	3.195
1462	3.076
1463	2.842
1464	2.204
1465	3.767
1466	3.649
1467	1.782
1468	3.556
1469	2.121
1470	1.98
1471	2.958
1472	5.688
1473	8.025
1474	5.169
1475	1.734
1476	3.653
1477	4.056
1478	3.105
1479	4.035
1480	4.048
1481	3.117
1482	2.656
1483	3.444
1484	2.6
1485	2.934
1486	3.027
1487	2.985
1488	2.926
1489	4.22
1490	2.49
1491	2.903
1492	2.015
1493	3.255
1494	2.617
1495	2.787
1496	3.026
1497	2.223
1498	3.398
1499	3.338
1500	2.089
1501	3.658
1502	2.954
1503	2.227
1504	3.474
1505	2.319
1506	2.566
1507	3.449
1508	3.396
1509	1.608
1510	2.079
1511	3.443
1512	4.445
1513	4.227
1514	2.622
1515	2.654
1516	3.525
1517	3.3
1518	3.538
1519	2.372
1520	3.18
1521	1.879
1522	2.915
1523	3.117
1524	3.533
1525	2.669
1526	2.769
1527	3.003
1528	3.455
1529	3.229
1530	4.527
1531	3.043
1532	2.68
1533	2.438
1534	3.726
1535	4.867
1536	5.238
1537	5.719
1538	4.632
1539	1.4
1540	2.383
1541	3.427
1542	3.105
1543	3.198
1544	2.567
1545	2.735
1546	2.283
1547	4.44
1548	4.53
1549	2.447
1550	2.841
1551	2.781
1552	2.71
1553	2.802
1554	2.683
1555	2.672
1556	2.661
1557	3.124
1558	3.488
1559	3.354
1560	4.027
1561	4.239
1562	3.824
1563	1.843
1564	3.4
1565	3.108
1566	2.108
1567	3.702
1568	3.183
1569	2.361
1570	2.332
1571	2.803
1572	2.022
1573	3.216
1574	3.543
1575	2.42
1576	2.716
1577	3.545
1578	3.378
1579	3.704
1580	3.74
1581	3.494
1582	2.314
1583	2.06
1584	2.84
1585	2.705
1586	2.491
1587	5.68
1588	3.351
1589	2.176
1590	2.807
1591	2.91
1592	1.992
1593	3.296
1594	3.373
1595	4.366
1596	4.065
1597	4.248
1598	2.627
1599	1.899
1600	1.963
1601	2.66
1602	2.238
1603	1.159
1604	8.947
1605	9.805
1606	6.893
1607	2.05
1608	2.528
1609	2.382
1610	2.552
1611	2.54
1612	2.582
1613	2.385
1614	2.506
1615	2.674
1616	2.371
1617	2.526
1618	2.283
1619	3.109
1620	3.094
1621	3.22
1622	3.898
1623	4.066
1624	3.885
1625	2.521
1626	1.909
1627	2.892
1628	3.227
1629	2.271
1630	1.519
1631	3.178
1632	4.066
1633	4.327
1634	3.005
1635	2.447
1636	2.746
1637	3.019
1638	2.334
1639	3.013
1640	2.413
1641	2.338
1642	3.217
1643	1.957
1644	2.322
1645	2.834
1646	3.473
1647	5.014
1648	2.099
1649	2.355
1650	2.714
1651	2.596
1652	2.508
1653	3.598
1654	2.781
1655	2.572
1656	2.889
1657	4.395
1658	4.309
1659	4.538
1660	4.871
1661	3.775
1662	3.793
1663	4.061
1664	3.311
1665	2.96
1666	1.77
1667	2.567
1668	2.617
1669	2.151
1670	3.418
1671	2.894
1672	2.485
1673	2.847
1674	2.944
1675	2.937
1676	2.298
1677	3.169
1678	2.405
1679	2.987
1680	2.864
1681	2.414
1682	2.591
1683	3.767
1684	2.37
1685	3.513
1686	4.287
1687	5.038
1688	3.613
1689	3.875
1690	2.754
1691	3.235
1692	2.456
1693	3.217
1694	4.677
1695	2.411
1696	1.926
1697	2.421
1698	2.295
1699	3.355
1700	2.865
1701	4.301
1702	3.432
1703	3.051
1704	2.322
1705	2.806
1706	3.067
1707	2.761
1708	4.757
1709	4.367
1710	3.114
1711	2.407
1712	3.045
1713	2.097
1714	2.009
1715	4.02
1716	1.832
1717	3.833
1718	3.383
1719	4.65
1720	1.681
1721	3.516
1722	2.042
1723	4.357
1724	2.675
1725	2.791
1726	3.519
1727	4.991
1728	5.535
1729	4.721
1730	2.565
1731	2.759
1732	2.919
1733	2.598
1734	2.238
1735	1.904
1736	2.532
1737	2.435
1738	2.456
1739	2.984
1740	2.912
1741	2.722
1742	2.885
1743	1.596
1744	3.869
1745	2.576
1746	1.839
1747	3.503
1748	2.519
1749	4.152
1750	2.558
1751	3.067
1752	3.155
1753	3.173
1754	2.704
1755	2.419
1756	2.545
1757	3.95
1758	4.521
1759	4.037
1760	2.909
1761	2.171
1762	2.27
1763	2.491
1764	2.414
1765	1.871
1766	3.209
1767	2.367
1768	2.625
1769	3.269
1770	2.184
1771	3.061
1772	1.974
1773	3.012
1774	2.269
1775	2.163
1776	3.023
1777	2.471
1778	2.716
1779	2.61
1780	2.783
1781	3.366
1782	7.167
1783	4.366
1784	1.828
1785	2.048
1786	2.295
1787	2.428
1788	1.875
1789	3.776
1790	4.408
1791	3.564
1792	2.243
1793	2.289
1794	3.173
1795	4.575
1796	3.416
1797	2.562
1798	3.529
1799	3.593
1800	2.635
1801	2.112
1802	2.124
1803	1.864
1804	2.218
1805	2.625
1806	2.352
1807	2.114
1808	4.019
1809	4.884
1810	4.17
1811	2.917
1812	5.111
1813	2.998
1814	3.065
1815	2.953
1816	2.258
1817	1.635
1818	4.511
1819	2.857
1820	2.052
1821	2.289
1822	2.65
1823	2.318
1824	2.397
1825	2.907
1826	2.901
1827	3.181
1828	3.189
1829	3.089
1830	2.636
1831	3.177
1832	4.921
1833	3.684
1834	2.98
1835	2.529
1836	2.489
1837	4.356
1838	4.01
1839	3.455
1840	2.907
1841	9.335
1842	1.916
1843	2.776
1844	2.051
1845	2.286
1846	1.781
1847	3.226
1848	4.17
1849	3.512
1850	2.195
1851	3.522
1852	3.331
1853	3.426
1854	2.395
1855	2.761
1856	3.12
1857	2.097
1858	2.81
1859	2.046
1860	3.244
1861	2.639
1862	4.0
1863	4.844
1864	3.707
1865	3.65
1866	3.276
1867	3.198
1868	3.686
1869	1.929
1870	3.102
1871	3.013
1872	3.91
1873	1.814
1874	3.553
1875	2.743
1876	3.291
1877	2.086
1878	3.267
1879	2.247
1880	2.121
1881	9.044
1882	6.594
1883	8.263
1884	6.825
1885	5.106
1886	3.735
1887	1.954
1888	1.969
1889	7.381
1890	1.862
1891	6.811
1892	7.942
1893	1.784
1894	1.721
1895	4.029
1896	2.532
1897	2.956
1898	2.412
1899	2.947
1900	4.752
1901	4.387
1902	4.259
1903	3.165
1904	3.119
1905	1.88
1906	1.856
1907	2.81
1908	3.517
1909	2.419
1910	1.78
1911	3.72
1912	4.001
1913	3.957
1914	3.626
1915	3.498
1916	2.541
1917	2.917
1918	2.286
1919	3.774
1920	2.749
1921	2.725
1922	2.718
1923	3.744
1924	4.347
1925	2.507
1926	2.794
1927	3.747
1928	1.8
1929	2.275
1930	2.192
1931	2.364
1932	2.477
1933	2.08
1934	2.313
1935	2.041
1936	2.163
1937	2.591
1938	3.091
1939	2.181
1940	2.788
1941	2.701
1942	2.858
1943	2.511
1944	2.163
1945	3.874
1946	3.649
1947	3.649
1948	3.564
1949	2.35
1950	3.303
1951	3.185
1952	3.647
1953	2.554
1954	2.832
1955	2.308
1956	4.029
1957	4.779
1958	1.944
1959	3.127
1960	3.132
1961	2.197
1962	1.637
1963	1.856
1964	1.932
1965	3.666
1966	2.647
1967	2.556
1968	2.33
1969	2.845
1970	3.22
1971	3.264
1972	4.739
1973	3.916
1974	3.265
1975	1.71
1976	2.114
1977	3.594
1978	3.632
1979	3.512
1980	3.751
1981	2.875
1982	3.87
1983	1.873
1984	3.289
1985	3.481
1986	3.446
1987	3.269
1988	2.75
1989	2.888
1990	3.434
1991	3.234
1992	2.767
1993	2.507
1994	2.481
1995	2.5
1996	3.225
1997	3.154
1998	3.295
1999	2.806
2000	1.999
301	188.0
302	183.4
303	182.2
304	180.7
305	180.9
306	181.3
307	180.3
308	180.2
309	182.3
310	180.0
311	180.9
312	183.1
313	181.2
314	182.4
315	180.7
316	185.7
317	183.6
318	180.6
319	180.2
320	180.6
321	181.0
322	179.9
323	179.6
324	180.1
325	181.5
326	182.4
327	182.2
328	185.8
329	180.1
330	181.3
331	180.4
332	183.6
333	182.7
334	182.9
335	181.3
336	180.8
337	182.6
338	183.2
339	188.0
340	184.0
341	182.9
342	182.8
343	188.6
344	188.9
345	181.8
346	180.6
347	180.0
348	180.5
349	180.9
350	180.3
351	181.9
352	180.3
353	179.9
354	180.0
355	180.3
356	181.3
357	182.3
358	181.2
359	180.2
360	180.7
361	180.2
362	180.8
363	181.5
364	181.2
365	180.0
366	180.6
367	182.4
368	182.0
369	182.8
370	183.6
371	183.0
372	179.7
373	180.0
374	180.5
375	180.8
376	184.0
377	180.3
378	181.7
379	180.6
380	184.2
381	183.5
382	180.4
383	182.5
384	180.1
385	179.9
386	179.9
387	179.8
388	180.4
389	180.2
390	180.5
391	179.8
392	180.3
393	185.0
394	186.7
395	182.8
396	179.6
397	180.4
398	185.4
399	180.9
400	180.7
401	180.8
402	181.9
403	179.9
404	180.6
405	181.6
406	187.4
407	190.1
408	186.7
409	185.9
410	181.1
411	182.5
412	182.4
413	183.3
414	187.4
415	183.8
416	182.7
417	180.0
418	181.4
419	185.3
420	181.9
421	181.7
422	181.0
423	179.8
424	180.0
425	180.3
426	181.0
427	180.0
428	182.6
429	182.1
430	181.3
431	182.9
432	186.2
433	180.0
434	181.0
435	180.3
436	180.5
437	181.8
438	185.8
439	184.6
440	183.6
441	181.4
442	182.5
443	180.3
444	180.7
445	180.4
446	180.4
447	183.5
448	180.6
449	180.4
450	180.0
451	180.7
452	180.7
453	181.4
454	179.9
455	180.2
456	179.9
457	181.7
458	181.7
459	181.3
460	179.9
461	180.2
462	179.8
463	182.4
464	182.7
465	182.3
466	179.9
467	182.4
468	182.2
469	180.5
470	180.5
471	183.4
472	182.7
473	181.0
474	181.4
475	185.3
476	184.0
477	183.5
478	186.8
479	183.2
480	183.7
481	186.5
482	184.0
483	179.9
484	180.3
485	180.0
486	180.3
487	184.0
488	181.5
489	181.2
490	180.1
491	180.9
492	179.9
493	179.7
494	180.2
495	180.3
496	183.7
497	181.1
498	181.7
499	180.2
500	180.7
501	179.9
502	179.7
503	180.9
504	183.7
505	183.4
506	180.9
507	180.2
508	186.7
509	186.8
510	182.4
511	180.9
512	182.2
513	181.8
514	181.6
515	182.4
516	181.9
517	186.6
518	184.5
519	181.7
520	181.4
521	180.1
522	186.2
523	180.1
524	179.9
525	181.2
526	180.4
527	180.8
528	182.8
529	180.7
530	181.2
531	182.6
532	180.6
533	181.7
534	179.6
535	179.8
536	181.9
537	180.8
538	179.9
539	180.3
540	181.5
541	180.2
542	180.9
543	183.0
544	182.2
545	194.2
546	185.4
547	180.4
548	182.5
549	182.4
550	180.3
551	181.0
552	181.3
553	180.3
554	182.9
555	181.3
556	181.4
557	182.9
558	181.4
559	180.9
560	182.7
561	182.0
562	182.7
563	183.4
564	180.5
565	179.9
566	181.8
567	184.6
568	186.1
569	183.6
570	182.5
571	186.3
572	186.4
573	182.2
574	183.2
575	181.4
576	180.6
577	180.5
578	181.9
579	181.2
580	180.4
581	180.3
582	182.3
583	180.8
584	182.3
585	182.7
586	182.6
587	182.1
588	181.4
589	183.2
590	179.8
591	181.1
592	180.4
593	180.3
594	179.9
595	181.0
596	182.3
597	180.7
598	180.8
599	180.5
600	179.7
601	179.7
602	180.8
603	180.5
604	180.3
605	181.6
606	180.8
607	179.7
608	180.2
609	181.1
610	180.6
611	179.7
612	182.0
613	180.7
614	181.7
615	181.4
616	181.1
617	181.7
618	179.8
619	179.8
620	180.7
621	181.9
622	182.7
623	183.2
624	180.1
625	180.8
626	180.9
627	182.7
628	182.8
629	180.8
630	181.6
631	180.0
632	182.2
633	179.9
634	181.0
635	181.0
636	184.2
637	181.5
638	182.0
639	180.2
640	183.3
641	180.6
642	180.8
643	182.5
644	181.6
645	180.8
646	180.8
647	180.4
648	181.5
649	182.0
650	181.6
651	182.1
652	180.7
653	186.8
654	185.1
655	180.2
656	182.4
657	181.7
658	181.1
659	180.5
660	181.4
661	182.6
662	181.2
663	179.7
664	180.4
665	181.5
666	180.6
667	180.0
668	183.2
669	181.1
670	183.7
671	181.4
672	182.4
673	180.7
674	179.8
675	180.1
676	180.0
677	180.6
678	180.5
679	180.0
680	180.2
681	181.4
682	180.6
683	184.4
684	190.4
685	183.4
686	179.9
687	180.2
688	183.5
689	180.3
690	182.0
691	182.8
692	181.1
693	181.6
694	185.6
695	184.7
696	183.5
697	181.3
698	182.0
699	180.5
700	180.4
701	180.9
702	186.1
703	180.7
704	181.2
705	182.4
706	180.2
707	181.6
708	181.3
709	182.8
710	183.7
711	181.8
712	179.8
713	180.4
714	183.4
715	182.0
716	180.5
717	180.7
718	182.1
719	180.0
720	180.9
721	183.2
722	181.5
723	181.1
724	180.8
725	179.9
726	180.0
727	180.6
728	182.2
729	180.7
730	179.8
731	180.3
732	180.1
733	181.0
734	181.0
735	181.1
736	181.1
737	185.5
738	179.9
739	180.1
740	186.4
741	179.8
742	179.8
743	180.2
744	180.3
745	182.0
746	179.9
747	179.9
748	180.9
749	180.6
750	181.1
751	180.0
752	180.9
753	180.9
754	183.6
755	183.9
756	180.1
757	181.3
758	182.3
759	180.1
760	180.4
761	180.1
762	180.4
763	180.7
764	180.7
765	180.3
766	180.5
767	186.4
768	185.7
769	183.6
770	181.7
771	180.6
772	182.0
773	181.3
774	182.0
775	181.0
776	181.0
777	185.2
778	185.4
779	183.3
780	179.8
781	180.4
782	180.8
783	186.8
784	185.2
785	182.9
786	185.4
787	186.6
788	191.9
789	189.4
790	189.1
791	186.7
792	187.6
793	187.7
794	191.7
795	188.7
796	184.9
797	183.3
798	184.7
799	182.0
800	180.9
801	181.6
802	180.8
803	180.5
804	181.6
805	180.7
806	180.7
807	181.0
808	180.7
809	190.7
810	190.8
811	179.8
812	182.0
813	182.0
814	182.4
815	180.3
816	180.0
817	180.7
818	181.3
819	183.2
820	183.0
821	182.1
822	184.2
823	182.7
824	182.6
825	179.9
826	181.0
827	180.7
828	179.8
829	193.1
830	188.4
831	181.5
832	180.1
833	184.0
834	181.3
835	185.3
836	185.9
837	180.2
838	181.4
839	181.1
840	183.4
841	184.8
842	181.0
843	187.5
844	184.4
845	188.6
846	185.2
847	188.3
848	189.4
849	187.7
850	188.5
851	184.3
852	183.5
853	181.1
854	180.1
855	181.7
856	180.9
857	180.7
858	180.2
859	180.5
860	181.2
861	181.4
862	180.6
863	183.7
864	185.5
865	190.2
866	188.5
867	188.5
868	182.8
869	182.6
870	182.5
871	180.6
872	184.1
873	181.1
874	180.1
875	180.1
876	179.8
877	180.5
878	180.2
879	180.3
880	181.7
881	181.7
882	181.2
883	182.6
884	181.5
885	183.1
886	185.7
887	181.9
888	179.8
889	182.4
890	183.5
891	182.1
892	181.1
893	181.9
894	182.4
895	180.2
896	180.2
897	180.3
898	184.0
899	184.7
900	181.3
901	180.5
902	181.3
903	182.7
904	184.2
905	181.6
906	183.5
907	185.0
908	183.6
909	183.4
910	181.7
911	180.5
912	180.6
913	179.8
914	180.4
915	187.5
916	183.0
917	182.3
918	181.8
919	180.3
920	182.5
921	181.2
922	182.9
923	183.0
924	186.7
925	184.9
926	185.0
927	190.3
928	188.0
929	179.9
930	180.2
931	179.9
932	180.4
933	180.2
934	186.4
935	188.9
936	180.8
937	180.9
938	180.1
939	179.9
940	180.3
941	181.2
942	180.8
943	182.4
944	182.6
945	180.7
946	181.9
947	181.5
948	181.7
949	184.2
950	183.1
951	181.4
952	179.6
953	180.0
954	179.8
955	180.6
956	179.8
957	180.5
958	181.0
959	182.3
960	180.7
961	183.5
962	183.2
963	179.7
964	185.4
965	184.7
966	187.7
967	185.3
968	186.4
969	180.9
970	184.3
971	181.2
972	184.1
973	183.3
974	185.5
975	185.6
976	182.1
977	181.2
978	180.5
979	182.0
980	180.5
981	180.6
982	180.0
983	182.6
984	180.9
985	185.2
986	184.7
987	179.8
988	179.8
989	182.8
990	180.2
991	183.3
992	180.7
993	184.7
994	185.8
995	187.4
996	188.7
997	187.2
998	189.2
999	188.2
1000	188.5
1001	182.7
1002	184.5
1003	180.9
1004	179.8
1005	180.5
1006	183.9
1007	181.6
1008	180.9
1009	186.2
1010	181.5
1011	180.8
1012	179.9
1013	180.1
1014	181.3
1015	181.6
1016	183.8
1017	181.1
1018	180.1
1019	180.0
1020	179.8
1021	183.3
1022	179.9
1023	180.8
1024	179.8
1025	180.3
1026	180.1
1027	181.1
1028	183.7
1029	182.0
1030	179.8
1031	180.3
1032	180.6
1033	180.5
1034	184.0
1035	184.4
1036	182.8
1037	183.4
1038	181.6
1039	180.5
1040	179.7
1041	182.0
1042	185.6
1043	181.8
1044	181.4
1045	182.3
1046	182.7
1047	180.0
1048	180.0
1049	180.8
1050	181.0
1051	181.7
1052	185.2
1053	181.7
1054	182.0
1055	182.9
1056	182.8
1057	181.0
1058	182.0
1059	183.8
1060	185.0
1061	182.2
1062	183.1
1063	180.4
1064	179.9
1065	179.9
1066	180.6
1067	180.6
1068	181.0
1069	180.5
1070	180.0
1071	179.8
1072	181.0
1073	180.5
1074	183.5
1075	181.4
1076	180.1
1077	180.2
1078	180.4
1079	181.4
1080	179.7
1081	179.8
1082	179.7
1083	179.8
1084	180.1
1085	180.4
1086	184.0
1087	183.7
1088	180.9
1089	183.3
1090	181.8
1091	180.1
1092	180.0
1093	183.2
1094	180.9
1095	180.0
1096	182.4
1097	182.6
1098	187.5
1099	182.1
1100	179.6
1101	180.2
1102	180.7
1103	182.4
1104	179.7
1105	180.3
1106	182.2
1107	186.3
1108	183.0
1109	180.4
1110	183.2
1111	181.1
1112	181.0
1113	181.7
1114	180.2
1115	180.7
1116	180.4
1117	187.1
1118	180.8
1119	180.6
1120	182.8
1121	185.0
1122	181.3
1123	179.9
1124	180.6
1125	181.2
1126	180.8
1127	183.8
1128	181.3
1129	182.5
1130	180.1
1131	180.0
1132	180.6
1133	180.3
1134	182.7
1135	180.4
1136	182.6
1137	182.3
1138	180.1
1139	180.0
1140	179.9
1141	181.5
1142	182.9
1143	183.1
1144	180.7
1145	179.8
1146	180.1
1147	181.2
1148	180.2
1149	183.6
1150	183.2
1151	179.8
1152	180.6
1153	181.6
1154	182.9
1155	186.3
1156	189.0
1157	181.8
1158	182.4
1159	181.2
1160	183.6
1161	182.8
1162	182.1
1163	181.2
1164	188.1
1165	187.8
1166	189.8
1167	188.8
1168	188.1
1169	183.0
1170	182.9
1171	181.1
1172	181.4
1173	180.4
1174	182.6
1175	181.7
1176	182.6
1177	179.9
1178	180.0
1179	183.5
1180	185.7
1181	188.7
1182	186.8
1183	180.9
1184	182.5
1185	184.0
1186	189.3
1187	186.4
1188	184.3
1189	183.2
1190	186.8
1191	188.4
1192	188.6
1193	188.1
1194	182.2
1195	186.8
1196	187.9
1197	184.3
1198	186.1
1199	188.6
1200	181.1
1201	184.7
1202	185.3
1203	184.9
1204	182.9
1205	180.7
1206	181.5
1207	180.8
1208	182.6
1209	181.9
1210	181.9
1211	183.3
1212	185.1
1213	180.4
1214	180.4
1215	183.8
1216	183.0
1217	182.1
1218	180.6
1219	180.4
1220	180.1
1221	181.4
1222	180.7
1223	180.7
1224	181.9
1225	179.8
1226	180.2
1227	181.3
1228	185.6
1229	186.4
1230	181.8
1231	184.3
1232	180.7
1233	180.4
1234	181.8
1235	180.6
1236	181.6
1237	180.7
1238	180.6
1239	183.0
1240	182.6
1241	182.4
1242	182.2
1243	185.1
1244	182.0
1245	181.4
1246	182.0
1247	180.3
1248	181.2
1249	181.1
1250	180.4
1251	179.8
1252	179.7
1253	179.8
1254	180.9
1255	179.9
1256	180.4
1257	179.9
1258	180.2
1259	180.4
1260	180.0
1261	180.1
1262	181.5
1263	185.5
1264	189.4
1265	191.2
1266	189.0
1267	188.0
1268	189.3
1269	188.1
1270	187.6
1271	186.5
1272	185.9
1273	184.8
1274	181.9
1275	180.9
1276	180.1
1277	183.2
1278	180.1
1279	180.8
1280	180.9
1281	182.4
1282	179.8
1283	179.8
1284	180.1
1285	180.4
1286	180.7
1287	181.6
1288	181.3
1289	181.3
1290	186.8
1291	181.4
1292	180.0
1293	183.2
1294	181.6
1295	181.4
1296	181.7
1297	180.3
1298	181.2
1299	183.0
1300	183.0
1301	185.2
1302	179.7
1303	181.3
1304	182.9
1305	183.9
1306	180.8
1307	180.0
1308	181.5
1309	179.7
1310	180.2
1311	181.2
1312	183.8
1313	183.0
1314	180.9
1315	184.0
1316	186.9
1317	185.2
1318	181.8
1319	180.1
1320	180.3
1321	181.4
1322	184.9
1323	179.9
1324	181.5
1325	180.8
1326	188.7
1327	180.2
1328	181.4
1329	180.9
1330	183.4
1331	183.8
1332	181.2
1333	180.3
1334	181.2
1335	179.8
1336	182.0
1337	180.7
1338	180.9
1339	180.0
1340	179.8
1341	180.0
1342	180.4
1343	179.7
1344	180.0
1345	180.4
1346	181.0
1347	181.0
1348	180.1
1349	180.4
1350	180.4
1351	179.9
1352	180.2
1353	181.0
1354	182.4
1355	181.0
1356	181.0
1357	181.0
1358	182.8
1359	182.6
1360	181.9
1361	185.3
1362	184.5
1363	180.4
1364	189.1
1365	189.4
1366	187.9
1367	187.3
1368	188.7
1369	187.9
1370	180.8
1371	181.7
1372	182.9
1373	183.2
1374	180.6
1375	181.0
1376	182.3
1377	181.1
1378	180.4
1379	181.6
1380	181.6
1381	184.2
1382	183.6
1383	181.9
1384	181.8
1385	180.7
1386	181.5
1387	181.5
1388	180.6
1389	179.9
1390	181.8
1391	183.6
1392	184.1
1393	187.2
1394	188.1
1395	184.6
1396	183.4
1397	180.0
1398	179.9
1399	180.3
1400	183.6
1401	181.5
1402	180.6
1403	181.0
1404	182.3
1405	184.4
1406	183.1
1407	181.3
1408	180.7
1409	181.0
1410	181.8
1411	184.6
1412	184.5
1413	189.7
1414	180.4
1415	182.1
1416	180.1
1417	179.7
1418	179.9
1419	181.3
1420	180.5
1421	180.0
1422	180.1
1423	182.2
1424	180.8
1425	183.0
1426	191.7
1427	186.0
1428	187.7
1429	180.6
1430	179.9
1431	180.0
1432	182.9
1433	182.6
1434	180.8
1435	181.9
1436	180.3
1437	181.0
1438	180.2
1439	180.5
1440	179.7
1441	181.2
1442	181.2
1443	181.4
1444	182.4
1445	180.2
1446	180.8
1447	180.0
1448	181.5
1449	189.4
1450	181.8
1451	180.6
1452	179.8
1453	183.8
1454	180.4
1455	179.8
1456	181.2
1457	180.1
1458	179.6
1459	179.8
1460	183.1
1461	181.1
1462	180.7
1463	179.9
1464	180.2
1465	182.1
1466	181.5
1467	182.4
1468	181.6
1469	181.1
1470	182.6
1471	183.3
1472	186.5
1473	189.4
1474	185.5
1475	183.6
1476	181.8
1477	182.8
1478	180.3
1479	182.5
1480	182.8
1481	180.9
1482	179.8
1483	182.1
1484	181.7
1485	180.0
1486	180.2
1487	180.1
1488	181.0
1489	183.2
1490	179.8
1491	180.0
1492	182.7
1493	181.8
1494	182.1
1495	180.2
1496	181.9
1497	180.3
1498	185.5
1499	181.3
1500	181.3
1501	181.7
1502	179.9
1503	181.1
1504	182.5
1505	181.5
1506	179.6
1507	181.7
1508	181.0
1509	183.7
1510	180.6
1511	181.5
1512	185.0
1513	185.5
1514	180.4
1515	180.0
1516	183.9
1517	185.3
1518	186.0
1519	180.6
1520	180.5
1521	181.6
1522	179.9
1523	180.5
1524	181.6
1525	179.7
1526	182.4
1527	180.1
1528	182.8
1529	180.6
1530	184.0
1531	180.3
1532	180.1
1533	179.8
1534	182.0
1535	185.9
1536	192.6
1537	193.0
1538	188.1
1539	192.5
1540	185.7
1541	181.3
1542	180.5
1543	181.4
1544	181.4
1545	181.3
1546	182.4
1547	193.6
1548	184.4
1549	180.0
1550	180.0
1551	180.6
1552	180.0
1553	180.1
1554	181.2
1555	180.0
1556	180.0
1557	181.6
1558	181.3
1559	181.9
1560	184.5
1561	183.8
1562	182.6
1563	185.1
1564	182.0
1565	185.8
1566	181.7
1567	183.7
1568	180.5
1569	181.1
1570	179.8
1571	180.1
1572	181.3
1573	180.8
1574	181.3
1575	180.4
1576	181.2
1577	181.2
1578	182.0
1579	182.4
1580	182.9
1581	181.6
1582	181.5
1583	182.4
1584	182.4
1585	180.9
1586	180.7
1587	186.0
1588	180.8
1589	181.3
1590	181.9
1591	180.3
1592	181.3
1593	181.5
1594	181.3
1595	183.6
1596	183.3
1597	183.7
1598	179.9
1599	181.8
1600	182.7
1601	187.0
1602	181.7
1603	191.4
1604	191.6
1605	188.5
1606	187.7
1607	181.4
1608	180.1
1609	179.8
1610	179.6
1611	179.8
1612	180.4
1613	180.4
1614	179.9
1615	181.6
1616	182.0
1617	182.8
1618	179.8
1619	180.4
1620	181.0
1621	180.7
1622	182.4
1623	182.6
1624	182.5
1625	180.0
1626	182.6
1627	180.1
1628	188.2
1629	186.0
1630	185.7
1631	180.5
1632	184.0
1633	184.5
1634	180.3
1635	181.5
1636	182.1
1637	180.1
1638	180.3
1639	182.8
1640	183.4
1641	185.2
1642	182.8
1643	182.4
1644	180.4
1645	180.0
1646	181.9
1647	185.3
1648	185.6
1649	184.0
1650	180.0
1651	179.9
1652	179.7
1653	182.4
1654	180.0
1655	179.9
1656	180.5
1657	185.0
1658	183.5
1659	184.6
1660	184.9
1661	182.4
1662	182.0
1663	182.7
1664	182.3
1665	181.2
1666	182.9
1667	180.3
1668	180.0
1669	183.1
1670	181.6
1671	180.1
1672	180.5
1673	181.1
1674	180.2
1675	180.5
1676	180.2
1677	180.8
1678	179.9
1679	180.6
1680	180.2
1681	180.3
1682	180.0
1683	183.2
1684	180.2
1685	181.8
1686	183.8
1687	185.3
1688	181.9
1689	183.3
1690	185.7
1691	182.9
1692	180.1
1693	180.6
1694	184.4
1695	179.9
1696	181.7
1697	179.9
1698	179.9
1699	183.6
1700	181.9
1701	183.7
1702	182.0
1703	181.8
1704	181.1
1705	179.9
1706	180.2
1707	179.8
1708	184.5
1709	183.8
1710	180.5
1711	181.3
1712	185.8
1713	186.4
1714	181.8
1715	183.0
1716	182.3
1717	182.8
1718	180.9
1719	184.5
1720	184.5
1721	184.6
1722	182.7
1723	185.4
1724	180.5
1725	180.6
1726	181.2
1727	185.4
1728	186.2
1729	185.0
1730	179.8
1731	179.9
1732	180.2
1733	181.1
1734	180.6
1735	182.1
1736	180.0
1737	180.4
1738	182.1
1739	180.3
1740	182.6
1741	180.2
1742	179.9
1743	184.4
1744	182.9
1745	179.9
1746	182.8
1747	182.4
1748	181.6
1749	184.6
1750	182.3
1751	180.9
1752	180.8
1753	180.6
1754	179.8
1755	180.0
1756	182.9
1757	183.3
1758	184.0
1759	182.5
1760	180.0
1761	180.8
1762	180.2
1763	181.4
1764	180.1
1765	182.4
1766	180.4
1767	184.6
1768	180.1
1769	182.3
1770	180.5
1771	182.7
1772	181.0
1773	180.1
1774	180.0
1775	180.5
1776	181.4
1777	180.1
1778	179.8
1779	179.9
1780	179.9
1781	181.5
1782	187.7
1783	184.0
1784	182.3
1785	181.5
1786	180.6
1787	180.2
1788	182.2
1789	183.8
1790	183.9
1791	181.3
1792	180.5
1793	180.6
1794	181.7
1795	187.4
1796	181.1
1797	179.7
1798	181.4
1799	182.8
1800	181.2
1801	181.5
1802	182.5
1803	182.2
1804	180.5
1805	179.8
1806	180.8
1807	181.5
1808	183.4
1809	185.0
1810	184.0
1811	182.0
1812	185.9
1813	181.2
1814	188.3
1815	182.7
1816	181.5
1817	186.9
1818	187.0
1819	180.9
1820	181.3
1821	183.4
1822	180.1
1823	180.7
1824	180.7
1825	185.8
1826	185.7
1827	180.6
1828	181.7
1829	181.2
1830	180.4
1831	181.4
1832	187.1
1833	181.9
1834	180.0
1835	180.1
1836	179.9
1837	183.7
1838	182.9
1839	186.0
1840	180.2
1841	190.3
1842	181.5
1843	179.8
1844	181.3
1845	181.7
1846	183.0
1847	180.9
1848	183.8
1849	185.5
1850	180.3
1851	181.8
1852	180.9
1853	181.2
1854	180.2
1855	180.1
1856	181.0
1857	183.0
1858	180.1
1859	182.2
1860	181.5
1861	179.9
1862	182.4
1863	184.7
1864	182.1
1865	185.3
1866	180.7
1867	180.6
1868	182.1
1869	190.7
1870	181.1
1871	181.8
1872	183.2
1873	183.6
1874	181.8
1875	180.9
1876	181.9
1877	183.1
1878	182.7
1879	180.4
1880	180.4
1881	189.9
1882	188.3
1883	188.4
1884	188.8
1885	185.7
1886	182.1
1887	182.0
1888	181.6
1889	188.5
1890	182.1
1891	188.2
1892	189.0
1893	183.1
1894	187.7
1895	182.7
1896	180.5
1897	181.8
1898	179.9
1899	180.1
1900	187.1
1901	185.6
1902	183.7
1903	181.5
1904	181.0
1905	182.7
1906	182.3
1907	180.9
1908	181.2
1909	180.1
1910	182.3
1911	183.4
1912	183.1
1913	182.7
1914	181.8
1915	181.5
1916	180.5
1917	179.9
1918	180.2
1919	182.3
1920	180.7
1921	184.7
1922	186.4
1923	190.1
1924	184.0
1925	180.4
1926	180.2
1927	181.8
1928	182.6
1929	180.1
1930	180.9
1931	180.7
1932	182.6
1933	182.7
1934	181.4
1935	180.8
1936	181.2
1937	180.5
1938	180.3
1939	180.7
1940	181.4
1941	181.5
1942	180.2
1943	179.6
1944	180.6
1945	184.1
1946	182.5
1947	181.8
1948	181.7
1949	181.9
1950	180.9
1951	180.5
1952	182.8
1953	180.1
1954	179.8
1955	179.8
1956	182.7
1957	184.9
1958	181.6
1959	180.8
1960	180.4
1961	180.4
1962	184.6
1963	182.6
1964	181.4
1965	183.6
1966	182.7
1967	182.6
1968	180.9
1969	180.7
1970	184.9
1971	181.0
1972	185.6
1973	182.6
1974	181.0
1975	184.1
1976	180.8
1977	181.5
1978	181.6
1979	184.6
1980	182.0
1981	180.8
1982	182.6
1983	184.1
1984	186.4
1985	183.3
1986	181.0
1987	180.6
1988	180.7
1989	181.7
1990	185.3
1991	184.2
1992	181.2
1993	180.5
1994	180.3
1995	179.6
1996	180.8
1997	180.4
1998	181.6
1999	180.0
2000	181.5
