model {
    
    # loop over time grid 
	for (j in 1:n.grid) {                           
		obs_x[j] ~ dnorm(a.language[j, 12] , tau.x)                           	    
	}           

    # parameters 

    #sitagliptin
    Ka_sita <- 1.64
    Kqf_sita<-11.1
    Vcf_sita<-266
    Vpf_sita<-101
    CLf_sita<-39.1
    Emax_sita<-100
    EC50_sita ~ dunif(0,24) 
    #EC50_sita<-12.9
    gamma_sita<-0.823

    #metformin
    Ka_met<-0.41
    V_met<-113
    CLf_met<-52.9
    Emax_met ~ dunif(0,40)
    #Emax_met<-19.8
    EC50_met<-3.68
    tau_met<-0.5
    gamma_met<-0.55

    #meal
    Ktr_glu<-6.9
    Ka_glu<-0.892
    Vdf_glu<-19.1
    CLf_glu<-83.7
    base_glu<-82.9

    # ODE solutions
    a.language[1:n.grid, 1:dim] <- 
        ode.block(inits[1:n.block, 1:dim], 
            grid[1:n.grid],                      # 18
		    D(C[1:dim], t),                      # 19
		    origins[1:n.block], tol)
    #sitagliptin
    D(C[1], t) <- -Ka_sita*C[1]
    D(C[2], t) <- Ka_sita*C[1]-CLf_sita*C[2]/Vcf_sita- Kqf_sita*C[2]/Vcf_sita+Kqf_sita*C[3]/Vpf_sita 
    D(C[3], t) <- Kqf_sita*C[2]/Vcf_sita-Kqf_sita*C[3]/Vpf_sita
    Cp_si <- C[2]*1000/Vcf_sita
    E_si <- Emax_sita*pow(Cp_si,gamma_sita)/(pow(EC50_sita,gamma_sita)+pow(Cp_si,gamma_sita))

    #metformin
    D(C[4], t) <- -Ka_met*C[4]
    D(C[5], t) <- Ka_met*C[4]-CLf_met*C[5]/V_met
    Cp_met <- C[5]/V_met
    DR_met <- Emax_met*pow(Cp_met,gamma_met)/(pow(EC50_met,gamma_met)+pow(Cp_met,gamma_met))
    D(C[6], t) <- (DR_met-C[6])/tau_met
    D(C[7], t) <- (C[6]-C[7])/tau_met
    D(C[8], t) <- (C[7]-C[8])/tau_met

    #glu
    D(C[9], t) <- -Ktr_glu*C[9]
    D(C[10], t) <- Ktr_glu*C[9]-Ktr_glu*C[10]
    D(C[11], t) <- Ktr_glu*C[10]-Ka_glu*C[11]
    D(C[12], t) <- Ka_glu*C[11]-CLf_glu*(1+E_si/100)*C[12]/Vdf_glu-C[8]*Vdf_glu*10/1000


    tau.x <- 1/var.x
    var.x <- 1/(sd.x*sd.x)
    sd.x ~ dunif(0, 5)
}

#
# data for inference model 
#
list(
    dim=12,
    tol = 1.0E-3,

    n.grid=26,
    n.block=57,

    inits = structure(
        .Data=c(500,0,0,100,0,0,0,0,130,0,0,0,
            500,0,0,0,0,0,0,0,130,0,0,0,
            0,0,0,0,0,0,0,0,130,0,0,0,
            500,0,0,100,0,0,0,0,130,0,0,0,
            500,0,0,0,0,0,0,0,130,0,0,0,
            0,0,0,0,0,0,0,0,130,0,0,0,
            500,0,0,100,0,0,0,0,130,0,0,0,
            500,0,0,0,0,0,0,0,130,0,0,0,
            0,0,0,0,0,0,0,0,130,0,0,0,
            500,0,0,100,0,0,0,0,130,0,0,0,
            500,0,0,0,0,0,0,0,130,0,0,0,
            0,0,0,0,0,0,0,0,130,0,0,0,
            500,0,0,100,0,0,0,0,130,0,0,0,
            500,0,0,0,0,0,0,0,130,0,0,0,
            0,0,0,0,0,0,0,0,130,0,0,0,
            500,0,0,100,0,0,0,0,130,0,0,0,
            500,0,0,0,0,0,0,0,130,0,0,0,
            0,0,0,0,0,0,0,0,130,0,0,0,
            500,0,0,100,0,0,0,0,130,0,0,0,
            500,0,0,0,0,0,0,0,130,0,0,0,
            0,0,0,0,0,0,0,0,130,0,0,0,
            500,0,0,100,0,0,0,0,130,0,0,0,
            500,0,0,0,0,0,0,0,130,0,0,0,
            0,0,0,0,0,0,0,0,130,0,0,0,
            500,0,0,100,0,0,0,0,130,0,0,0,
            500,0,0,0,0,0,0,0,130,0,0,0,
            0,0,0,0,0,0,0,0,130,0,0,0,
            500,0,0,100,0,0,0,0,130,0,0,0,
            500,0,0,0,0,0,0,0,130,0,0,0,
            0,0,0,0,0,0,0,0,130,0,0,0,
            500,0,0,100,0,0,0,0,130,0,0,0,
            500,0,0,0,0,0,0,0,130,0,0,0,
            0,0,0,0,0,0,0,0,130,0,0,0,
            500,0,0,100,0,0,0,0,130,0,0,0,
            500,0,0,0,0,0,0,0,130,0,0,0,
            0,0,0,0,0,0,0,0,130,0,0,0,
            500,0,0,100,0,0,0,0,130,0,0,0,
            500,0,0,0,0,0,0,0,130,0,0,0,
            0,0,0,0,0,0,0,0,130,0,0,0,
            500,0,0,100,0,0,0,0,130,0,0,0,
            500,0,0,0,0,0,0,0,130,0,0,0,
            0,0,0,0,0,0,0,0,130,0,0,0,
            500,0,0,100,0,0,0,0,130,0,0,0,
            500,0,0,0,0,0,0,0,130,0,0,0,
            0,0,0,0,0,0,0,0,130,0,0,0,
            500,0,0,100,0,0,0,0,130,0,0,0,
            500,0,0,0,0,0,0,0,130,0,0,0,
            0,0,0,0,0,0,0,0,130,0,0,0,
            500,0,0,100,0,0,0,0,130,0,0,0,
            500,0,0,0,0,0,0,0,130,0,0,0,
            0,0,0,0,0,0,0,0,130,0,0,0,
            500,0,0,100,0,0,0,0,130,0,0,0,
            500,0,0,0,0,0,0,0,130,0,0,0,
            0,0,0,0,0,0,0,0,130,0,0,0,
            500,0,0,100,0,0,0,0,130,0,0,0,
            500,0,0,0,0,0,0,0,130,0,0,0,
            0,0,0,0,0,0,0,0,130,0,0,0),
        .Dim=c(57,12)
    ),

    origins = c(0,3.5,9,24,27.5,
        33,48,51.5,57,72,
        75.5,81,96,99.5,105,
        120,123.5,129,144,147.5,
        153,168,171.5,177,192,
        195.5,201,216,219.5,
        225,240,243.5,249,264,
        267.5,273,288,291.5,297,
        312,315.5,321,336,339.5,
        345,360,363.5,369,384,
        387.5,393,408,411.5,417,
        432,435.5,441),

    grid = c(4,24,24.5,48,
    48.5,72,72.5,120,120.5,
    216,216.5,240,240.5,264,
    264.5,273.5,288,288.5,
    312,312.5,316,321.5,336,
    336.5,432,432.5), 
    obs_x = c(24.2188,9.4354,37.2832,2.9032,25.9378,
    0.1528,3.9346,5.3098,16.3114,9.7792,
    15.28,7.7164,5.9974,5.6536,24.5626,
    8.0602,5.6536,13.2172,0.1528,19.0618,
    22.156,8.404,3.9346,13.561,4.966,11.4982)
)

#
# initial values for inference model 
#
list(
    EC50_sita = 15, 
    Emax_met =  20,
    sd.x = 0
    )

